1748294264285 18477.640625 0
1748294264470 18475.240234375 1
1748294264629 18471.08203125 2
1748294264784 18463.7265625 3
1748294264941 18451.650390625 4
1748294265098 18433.2890625 5
1748294265251 18407.375 6
1748294265403 18372.42578125 7
1748294265565 18327.484375 8
1748294265720 18271.76171875 9
1748294265877 18204.626953125 10
1748294266028 18125.466796875 11
1748294266187 18033.53515625 12
1748294266342 17928.30859375 13
1748294266489 17809.30859375 14
1748294266652 17676.037109375 15
1748294266804 17528.384765625 16
1748294266954 17365.458984375 17
1748294267117 17187.298828125 18
1748294267274 16993.142578125 19
1748294267428 16782.869140625 20
1748294267577 16556.298828125 21
1748294267734 16313.421875 22
1748294267881 16053.859375 23
1748294268027 15777.607421875 24
1748294268176 15485.8515625 25
1748294268325 15179.15625 26
1748294268475 14859.1630859375 27
1748294268622 14524.8095703125 28
1748294268771 14176.9765625 29
1748294268918 13819.2421875 30
1748294269067 13465.4033203125 31
1748294269214 13119.0673828125 32
1748294269362 12764.4482421875 33
1748294269544 12415.955078125 34
1748294269699 12072.28515625 35
1748294269845 11734.5986328125 36
1748294269996 11410.888671875 37
1748294270145 11093.7958984375 38
1748294270295 10788.2978515625 39
1748294270445 10503.4970703125 40
1748294270598 10240.0625 41
1748294270748 9984.7744140625 42
1748294270900 9742.3642578125 43
1748294271060 9530.0732421875 44
1748294271216 9328.33203125 45
1748294271378 9125.826171875 46
1748294271528 8935.76171875 47
1748294271677 8762.5673828125 48
1748294271836 8606.9228515625 49
1748294272009 8472.748046875 50
1748294272167 8342.3701171875 51
1748294272318 8226.9970703125 52
1748294272471 8119.4833984375 53
1748294272650 8013.892578125 54
1748294272806 7917.84521484375 55
1748294272958 7827.45751953125 56
1748294273112 7739.79736328125 57
1748294273264 7657.8134765625 58
1748294273420 7580.58154296875 59
1748294273572 7506.66357421875 60
1748294273733 7434.1728515625 61
1748294273881 7362.013671875 62
1748294274034 7285.3828125 63
1748294274197 7216.74658203125 64
1748294274361 7151.33349609375 65
1748294274520 7086.7705078125 66
1748294274672 7021.84765625 67
1748294274825 6954.6611328125 68
1748294274971 6892.09619140625 69
1748294275117 6830.6767578125 70
1748294275264 6771.53662109375 71
1748294275412 6715.140625 72
1748294275589 6664.599609375 73
1748294275749 6613.4423828125 74
1748294275897 6565.265625 75
1748294276044 6520.92578125 76
1748294276203 6475.9677734375 77
1748294276370 6432.65283203125 78
1748294276521 6392.8623046875 79
1748294276696 6353.9921875 80
1748294276854 6316.267578125 81
1748294277000 6280.29248046875 82
1748294277157 6246.71484375 83
1748294277307 6213.37890625 84
1748294277454 6182.8154296875 85
1748294277643 6154.2158203125 86
1748294277803 6125.099609375 87
1748294277955 6096.5556640625 88
1748294278106 6069.03076171875 89
1748294278257 6041.818359375 90
1748294278411 6015.44287109375 91
1748294278561 5990.9052734375 92
1748294278717 5968.4775390625 93
1748294278872 5948.09814453125 94
1748294279029 5927.31396484375 95
1748294279182 5908.85546875 96
1748294279341 5890.6767578125 97
1748294279495 5872.986328125 98
1748294279654 5856.7158203125 99
1748294279807 5841.5810546875 100
1748294279963 5826.4873046875 101
1748294280118 5812.07763671875 102
1748294280294 5797.6630859375 103
1748294280446 5784.2138671875 104
1748294280603 5771.26416015625 105
1748294280758 5758.2509765625 106
1748294280914 5746.32958984375 107
1748294281065 5734.56298828125 108
1748294281217 5722.4326171875 109
1748294281397 5711.48095703125 110
1748294281550 5700.89501953125 111
1748294281703 5692.294921875 112
1748294281857 5683.8173828125 113
1748294282011 5675.47119140625 114
1748294282161 5667.18310546875 115
1748294282314 5659.34033203125 116
1748294282466 5651.89404296875 117
1748294282617 5643.61962890625 118
1748294282767 5636.6328125 119
1748294282917 5629.3076171875 120
1748294283068 5622.9912109375 121
1748294283224 5616.5537109375 122
1748294283391 5608.67919921875 123
1748294283542 5602.77734375 124
1748294283718 5595.759765625 125
1748294283868 5589.94970703125 126
1748294284019 5583.4375 127
1748294284169 5577.75830078125 128
1748294284319 5572.02734375 129
1748294284470 5566.71142578125 130
1748294284620 5561.10400390625 131
1748294284770 5556.16650390625 132
1748294284922 5551.060546875 133
1748294285072 5546.0888671875 134
1748294285224 5542.408203125 135
1748294285374 5536.32275390625 136
1748294285525 5532.15478515625 137
1748294285674 5527.4794921875 138
1748294285824 5522.73046875 139
1748294285974 5517.7587890625 140
1748294286124 5514.15771484375 141
1748294286296 5509.5185546875 142
1748294286447 5504.376953125 143
1748294286597 5499.7783203125 144
1748294286749 5495.14794921875 145
1748294286900 5490.703125 146
1748294287053 5485.67333984375 147
1748294287206 5481.93310546875 148
1748294287358 5477.09033203125 149
1748294287506 5472.41796875 150
1748294287657 5468.2822265625 151
1748294287812 5462.83642578125 152
1748294287963 5458.03564453125 153
1748294288114 5453.33642578125 154
1748294288285 5449.1708984375 155
1748294288441 5444.74267578125 156
1748294288594 5440.91748046875 157
1748294288747 5437.7548828125 158
1748294288901 5433.0654296875 159
1748294289054 5429.81884765625 160
1748294289208 5425.537109375 161
1748294289368 5420.59619140625 162
1748294289527 5416.708984375 163
1748294289679 5413.4638671875 164
1748294289831 5409.8994140625 165
1748294289980 5405.95849609375 166
1748294290150 5402.51806640625 167
1748294290330 5398.9990234375 168
1748294290503 5395.54345703125 169
1748294290659 5392.26611328125 170
1748294290804 5388.20751953125 171
1748294290954 5384.9140625 172
1748294291119 5380.6416015625 173
1748294291264 5377.28759765625 174
1748294291413 5373.98046875 175
1748294291558 5370.22265625 176
1748294291702 5366.84716796875 177
1748294291847 5363.501953125 178
1748294291992 5359.68017578125 179
1748294292143 5355.91064453125 180
1748294292290 5352.638671875 181
1748294292437 5349.10302734375 182
1748294292583 5346.177734375 183
1748294292728 5341.9404296875 184
1748294292873 5338.2666015625 185
1748294293022 5335.4833984375 186
1748294293184 5330.888671875 187
1748294293331 5327.544921875 188
1748294293480 5324.57177734375 189
1748294293629 5321.0732421875 190
1748294293774 5317.69775390625 191
1748294293920 5314.88525390625 192
1748294294069 5311.1650390625 193
1748294294219 5307.3828125 194
1748294294372 5304.24169921875 195
1748294294527 5301.10791015625 196
1748294294679 5298.24169921875 197
1748294294829 5294.9970703125 198
1748294294977 5292.416015625 199
1748294295129 5289.822265625 200
1748294295304 5285.9541015625 201
1748294295452 5283.72900390625 202
1748294295604 5280.11181640625 203
1748294295770 5276.98681640625 204
1748294295930 5274.12548828125 205
1748294296085 5271.16015625 206
1748294296243 5267.92919921875 207
1748294296397 5264.7666015625 208
1748294296554 5262.0419921875 209
1748294296754 5258.72265625 210
1748294296968 5256.0341796875 211
1748294297129 5253.34765625 212
1748294297291 5250.46728515625 213
1748294297459 5247.0908203125 214
1748294297629 5244.640625 215
1748294297796 5241.044921875 216
1748294297946 5238.9765625 217
1748294298097 5236.3427734375 218
1748294298247 5233.5078125 219
1748294298405 5230.96728515625 220
1748294298559 5229.0712890625 221
1748294298718 5226.6162109375 222
1748294298870 5224.00244140625 223
1748294299021 5221.06103515625 224
1748294299189 5218.76806640625 225
1748294299341 5216.76220703125 226
1748294299493 5214.3505859375 227
1748294299644 5211.48779296875 228
1748294299798 5209.333984375 229
1748294299949 5206.34912109375 230
1748294300102 5204.0478515625 231
1748294300253 5201.9853515625 232
1748294300406 5199.80859375 233
1748294300557 5197.640625 234
1748294300709 5195.4873046875 235
1748294300861 5192.84521484375 236
1748294301014 5190.6845703125 237
1748294301165 5188.27392578125 238
1748294301348 5186.2734375 239
1748294301500 5183.90771484375 240
1748294301653 5181.83984375 241
1748294301806 5179.775390625 242
1748294301957 5177.92236328125 243
1748294302108 5175.79443359375 244
1748294302260 5173.63037109375 245
1748294302410 5171.81005859375 246
1748294302571 5169.64892578125 247
1748294302736 5167.46875 248
1748294302888 5165.95068359375 249
1748294303039 5163.0322265625 250
1748294303192 5161.7607421875 251
1748294303344 5159.416015625 252
1748294303549 5157.85205078125 253
1748294303722 5155.42724609375 254
1748294303878 5153.91943359375 255
1748294304032 5151.7236328125 256
1748294304182 5150.1015625 257
1748294304333 5148.04345703125 258
1748294304484 5146.0361328125 259
1748294304638 5144.3701171875 260
1748294304789 5142.4150390625 261
1748294304943 5140.62548828125 262
1748294305097 5139.26513671875 263
1748294305249 5137.31396484375 264
1748294305401 5135.47314453125 265
1748294305554 5133.24853515625 266
1748294305730 5131.693359375 267
1748294305882 5129.9765625 268
1748294306034 5129.04736328125 269
1748294306184 5127.03369140625 270
1748294306334 5125.244140625 271
1748294306488 5124.08349609375 272
1748294306641 5122.4599609375 273
1748294306792 5120.84326171875 274
1748294306943 5118.9990234375 275
1748294307093 5117.85693359375 276
1748294307246 5115.45166015625 277
1748294307396 5114.07958984375 278
1748294307548 5112.64892578125 279
1748294307722 5111.341796875 280
1748294307875 5110.0244140625 281
1748294308023 5108.73828125 282
1748294308174 5107.62841796875 283
1748294308325 5106.55126953125 284
1748294308475 5105.53955078125 285
1748294308626 5103.99853515625 286
1748294308777 5103.2041015625 287
1748294308928 5102.28857421875 288
1748294309080 5100.9560546875 289
1748294309233 5100.0908203125 290
1748294309386 5098.77685546875 291
1748294309541 5097.79736328125 292
1748294309708 5096.77392578125 293
1748294309862 5095.52294921875 294
1748294310014 5094.67724609375 295
1748294310165 5093.66162109375 296
1748294310318 5092.41748046875 297
1748294310470 5091.6376953125 298
1748294310624 5090.77880859375 299
