1748294882627 10582.0361328125 0
1748294882803 5465.83544921875 1
1748294882978 5184.08642578125 2
1748294883151 5101.5732421875 3
1748294883292 5115.01904296875 4
1748294883460 5136.20703125 5
1748294883603 5101.3798828125 6
1748294883770 5091.03466796875 7
1748294883937 5062.333984375 8
1748294884075 5123.8955078125 9
1748294884242 5098.23779296875 10
1748294884430 5087.15380859375 11
1748294884601 5099.04443359375 12
1748294884740 5081.5908203125 13
1748294884879 5086.55908203125 14
1748294885018 5167.59326171875 15
1748294885160 5147.81591796875 16
1748294885299 5079.2646484375 17
1748294885439 5120.3115234375 18
1748294885579 5108.6513671875 19
1748294885720 5064.34765625 20
1748294885863 5071.91796875 21
1748294886009 5051.05029296875 22
1748294886154 5077.7412109375 23
1748294886299 5100.26416015625 24
1748294886445 5109.9775390625 25
1748294886588 5084.05810546875 26
1748294886731 5069.7265625 27
1748294886871 5095.8291015625 28
1748294887011 5070.7392578125 29
1748294887149 5057.017578125 30
1748294887309 5045.9033203125 31
1748294893725 5087.15380859375 32
