1748294345615 12655.6796875 0
1748294345778 5566.8671875 1
1748294345938 5237.78271484375 2
1748294346095 5134.2158203125 3
1748294346253 5100.68017578125 4
1748294346410 5060.66064453125 5
1748294346535 5070.32861328125 6
1748294346691 5049.1083984375 7
1748294346869 5061.73681640625 8
1748294346994 5058.9365234375 9
1748294347119 5055.3359375 10
1748294347243 5055.5419921875 11
1748294347369 5051.291015625 12
1748294347493 5061.0400390625 13
1748294347618 5065.3212890625 14
1748294347742 5076.63525390625 15
1748294347866 5133.84521484375 16
1748294347993 5084.41015625 17
1748294348118 5083.75390625 18
1748294348241 5079.46240234375 19
1748294348367 5069.49658203125 20
1748294348492 5068.89208984375 21
1748294348618 5074.70263671875 22
1748294348743 5077.7734375 23
1748294348868 5057.3388671875 24
1748294348993 5049.36962890625 25
1748294349119 5052.93603515625 26
1748294349245 5160.59765625 27
1748294355601 5049.1083984375 28
