1748294861361 18357.265625 0
1748294861542 16294.759765625 1
1748294861753 10259.7314453125 2
1748294861931 7204.88916015625 3
1748294862113 6132.88671875 4
1748294862326 5748.90771484375 5
1748294862518 5598.376953125 6
1748294862697 5517.916015625 7
1748294862878 5443.95751953125 8
1748294863058 5374.8095703125 9
1748294863239 5324.4462890625 10
1748294863414 5283.375 11
1748294863590 5229.76416015625 12
1748294863760 5198.97998046875 13
1748294863927 5174.73583984375 14
1748294864096 5137.5478515625 15
1748294864266 5115.912109375 16
1748294864436 5093.76025390625 17
1748294864606 5083.79296875 18
1748294864780 5071.31005859375 19
1748294864979 5065.68408203125 20
1748294865157 5050.04833984375 21
1748294865332 5048.36279296875 22
1748294865509 5038.673828125 23
1748294865686 5032.67724609375 24
1748294865861 5030.20361328125 25
1748294866034 5023.27490234375 26
1748294866182 5018.98876953125 27
1748294866362 5022.994140625 28
1748294866535 5019.14013671875 29
1748294866686 5017.56494140625 30
1748294866862 5012.23388671875 31
1748294867031 5017.09521484375 32
1748294867180 5016.6923828125 33
1748294867326 5018.052734375 34
1748294867512 5016.41455078125 35
1748294867670 5014.6005859375 36
1748294867816 5018.47412109375 37
1748294867991 5012.07373046875 38
1748294868143 5005.7568359375 39
1748294868287 5010.7197265625 40
1748294868431 5012.50146484375 41
1748294868574 5005.69580078125 42
1748294868723 5008.31787109375 43
1748294868871 5011.4306640625 44
1748294869020 5008.2314453125 45
1748294869196 5001.87939453125 46
1748294869340 5010.84130859375 47
1748294869484 5011.63330078125 48
1748294869634 5016.01806640625 49
1748294869781 5021.19482421875 50
1748294869951 5008.26806640625 51
1748294870142 5009.67822265625 52
1748294870290 5008.49169921875 53
1748294870432 5005.78662109375 54
1748294870612 5008.3818359375 55
1748294870758 5010.92529296875 56
1748294870904 5001.8525390625 57
1748294871053 5007.97265625 58
1748294871203 5014.89501953125 59
1748294871348 5013.5 60
1748294871496 5005.81494140625 61
1748294871644 5018.177734375 62
1748294871795 5004.5390625 63
1748294871936 5004.41748046875 64
1748294872079 5011.51025390625 65
1748294872220 5004.146484375 66
1748294872383 5009.314453125 67
1748294872558 5007.70947265625 68
1748294872699 5005.7802734375 69
1748294872862 5004.9951171875 70
1748294873007 5017.2578125 71
1748294873152 5008.65966796875 72
1748294873295 5006.15771484375 73
1748294873438 5008.29150390625 74
1748294873589 5008.92626953125 75
1748294873737 5006.04931640625 76
1748294873875 5006.77783203125 77
1748294874023 5008.71240234375 78
1748294874163 5009.5068359375 79
1748294874304 5007.17822265625 80
1748294874445 5010.24169921875 81
1748294874606 5002.15478515625 82
1748294874747 5016.63671875 83
1748294874886 5009.544921875 84
1748294875026 5002.6484375 85
1748294875170 5008.87109375 86
1748294875317 5007.40380859375 87
1748294881490 5009.314453125 88
