1748294677544 18359.96875 0
1748294677712 16355.375 1
1748294677882 10295.2080078125 2
1748294678052 7191.01025390625 3
1748294678220 6146.04736328125 4
1748294678388 5781.4697265625 5
1748294678553 5638.83740234375 6
1748294678726 5556.896484375 7
1748294678894 5489.29248046875 8
1748294679057 5416.2109375 9
1748294679240 5374.037109375 10
1748294679409 5313.326171875 11
1748294679578 5264.4091796875 12
1748294679765 5227.390625 13
1748294679996 5191.86181640625 14
1748294680231 5167.6376953125 15
1748294680401 5139.48388671875 16
1748294680571 5115.65771484375 17
1748294680747 5099.86376953125 18
1748294680910 5088.17919921875 19
1748294681091 5072.234375 20
1748294681261 5065.080078125 21
1748294681427 5051.12451171875 22
1748294681605 5047.26513671875 23
1748294681776 5044.46337890625 24
1748294681948 5034.8486328125 25
1748294682118 5030.16015625 26
1748294682324 5028.67041015625 27
1748294682497 5026.8154296875 28
1748294682678 5021.83984375 29
1748294682840 5015.7841796875 30
1748294683012 5016.39453125 31
1748294683156 5014.01171875 32
1748294683333 5008.2451171875 33
1748294683500 5032.515625 34
1748294683640 5016.068359375 35
1748294683781 5012.1279296875 36
1748294683915 5006.45263671875 37
1748294684050 5009.2470703125 38
1748294684194 5012.1689453125 39
1748294684333 5012.515625 40
1748294684465 5017.27685546875 41
1748294684596 5016.50146484375 42
1748294684769 5009.48193359375 43
1748294684911 5012.97412109375 44
1748294685050 5006.806640625 45
1748294685208 5003.70654296875 46
1748294685340 5008.8583984375 47
1748294685474 5010.09326171875 48
1748294685610 5011.9677734375 49
1748294685747 5010.47509765625 50
1748294685919 5011.15625 51
1748294686089 5007.42578125 52
1748294686252 5009.265625 53
1748294686388 5014.8115234375 54
1748294686524 5005.83447265625 55
1748294686657 5006.34912109375 56
1748294686789 5009.71240234375 57
1748294686920 5006.98876953125 58
1748294687054 5004.83251953125 59
1748294687187 5010.2314453125 60
1748294687320 5008.26513671875 61
1748294687451 5014.56298828125 62
1748294687583 5016.0234375 63
1748294687746 5005.2470703125 64
1748294687896 5011.54150390625 65
1748294688029 5005.4462890625 66
1748294688193 5005.5751953125 67
1748294688325 5005.853515625 68
1748294688461 5010.9658203125 69
1748294688604 5010.6474609375 70
1748294688738 5004.546875 71
1748294688871 5004.01904296875 72
1748294689005 5016.58837890625 73
1748294689135 5018.14990234375 74
1748294689271 5016.88720703125 75
1748294689408 5009.00244140625 76
1748294689542 5007.87939453125 77
1748294689676 5005.77197265625 78
1748294689812 5010.275390625 79
1748294689950 5007.154296875 80
1748294690088 5009.3642578125 81
1748294690221 5008.4814453125 82
1748294690373 5007.12890625 83
1748294690505 5002.646484375 84
1748294690656 5006.35595703125 85
1748294690807 5004.61865234375 86
1748294697411 5005.4462890625 87
