1748294698511 10681.939453125 0
1748294698690 5324.21484375 1
1748294698877 5165.97509765625 2
1748294699040 5081.63818359375 3
1748294699207 5104.91259765625 4
1748294699339 5078.4248046875 5
1748294699501 5117.37158203125 6
1748294699663 5077.552734375 7
1748294699795 5137.42236328125 8
1748294699929 5107.8896484375 9
1748294700091 5098.64990234375 10
1748294700222 5087.9853515625 11
1748294700355 5090.1376953125 12
1748294700486 5067.9501953125 13
1748294700620 5073.7060546875 14
1748294700754 5072.65478515625 15
1748294700886 5093.1142578125 16
1748294701018 5065.68701171875 17
1748294701149 5053.26171875 18
1748294701282 5102.99072265625 19
1748294701412 5129.5380859375 20
1748294701542 5093.5986328125 21
1748294701724 5074.95703125 22
1748294701857 5064.14697265625 23
1748294701988 5094.484375 24
1748294702121 5054.455078125 25
1748294702251 5115.423828125 26
1748294702383 5060.20361328125 27
1748294702514 5082.06005859375 28
1748294702647 5156.92578125 29
1748294702779 5055.029296875 30
1748294702910 5078.93505859375 31
1748294703041 5072.283203125 32
1748294703174 5092.62060546875 33
1748294703304 5130.36572265625 34
1748294703436 5086.314453125 35
1748294703569 5061.56201171875 36
1748294703711 5085.1669921875 37
1748294703843 5092.63330078125 38
1748294703979 5079.4052734375 39
1748294704122 5089.365234375 40
1748294704264 5074.41162109375 41
1748294710756 5093.5986328125 42
