1748294977233 9761.326171875 0
1748294977420 5298.72119140625 1
1748294977631 5187.6748046875 2
1748294977820 5190.7080078125 3
1748294978006 5144.91943359375 4
1748294978165 5109.2802734375 5
1748294978349 5132.23876953125 6
1748294978501 5088.74365234375 7
1748294978686 5134.82421875 8
1748294978838 5102.81103515625 9
1748294978989 5066.5625 10
1748294979148 5083.62158203125 11
1748294979311 5120.4453125 12
1748294979481 5128.69140625 13
1748294979641 5068.9453125 14
1748294979795 5096.24365234375 15
1748294979944 5078.83056640625 16
1748294980092 5089.5048828125 17
1748294980268 5111.2236328125 18
1748294980427 5158.90380859375 19
1748294980616 5107.81396484375 20
1748294980769 5111.55810546875 21
1748294980925 5145.068359375 22
1748294981081 5111.39794921875 23
1748294981234 5107.3232421875 24
1748294981392 5123.318359375 25
1748294981547 5084.82958984375 26
1748294981701 5141.9970703125 27
1748294981857 5115.22607421875 28
1748294982011 5069.47021484375 29
1748294982170 5085.08056640625 30
1748294982329 5146.74609375 31
1748294982486 5166.5361328125 32
1748294982669 5076.84375 33
1748294982824 5114.65234375 34
1748294982983 5083.9765625 35
1748294983141 5077.46728515625 36
1748294983297 5097.37841796875 37
1748294983450 5069.9833984375 38
1748294983609 5190.5859375 39
1748294989756 5158.90380859375 40
