1748294319292 18443.86328125 0
1748294319453 17916.095703125 1
1748294319608 15675.7421875 2
1748294319762 11375.8408203125 3
1748294319916 8335.755859375 4
1748294320068 7111.46875 5
1748294320227 6394.873046875 6
1748294320380 6013.06640625 7
1748294320545 5807.82763671875 8
1748294320702 5678.36328125 9
1748294320860 5600.95947265625 10
1748294321014 5552.5615234375 11
1748294321170 5514.8896484375 12
1748294321322 5468.69873046875 13
1748294321476 5431.2822265625 14
1748294321629 5391.56201171875 15
1748294321780 5351.673828125 16
1748294321934 5325.40869140625 17
1748294322110 5293.35986328125 18
1748294322265 5267.21484375 19
1748294322415 5239.7529296875 20
1748294322566 5221.18701171875 21
1748294322718 5197.57958984375 22
1748294322873 5183.14501953125 23
1748294323025 5161.33544921875 24
1748294323179 5143.04296875 25
1748294323332 5128.193359375 26
1748294323483 5117.8935546875 27
1748294323634 5101.8916015625 28
1748294323787 5095.9658203125 29
1748294323938 5083.37646484375 30
1748294324090 5075.46435546875 31
1748294324242 5072.0439453125 32
1748294324395 5065.07373046875 33
1748294324548 5060.23779296875 34
1748294324704 5060.1416015625 35
1748294324859 5048.07373046875 36
1748294325027 5047.35791015625 37
1748294325177 5039.12548828125 38
1748294325335 5039.32080078125 39
1748294325468 5035.22265625 40
1748294325625 5030.896484375 41
1748294325776 5028.8017578125 42
1748294325927 5023.267578125 43
1748294326078 5023.42041015625 44
1748294326231 5018.4794921875 45
1748294326354 5020.52001953125 46
1748294326506 5021.08544921875 47
1748294326657 5014.06005859375 48
1748294326778 5014.947265625 49
1748294326900 5012.953125 50
1748294327021 5012.0263671875 51
1748294327147 5014.64111328125 52
1748294327301 5014.88818359375 53
1748294327455 5010.12060546875 54
1748294327610 5011.248046875 55
1748294327757 5014.2392578125 56
1748294327882 5008.8662109375 57
1748294328037 5012.212890625 58
1748294328190 5004.822265625 59
1748294328344 5014.06787109375 60
1748294328498 5008.46826171875 61
1748294328621 5006.13037109375 62
1748294328742 5003.93310546875 63
1748294328865 5006.00439453125 64
1748294328992 5008.01953125 65
1748294329119 5004.21337890625 66
1748294329242 5005.66064453125 67
1748294329365 5009.91015625 68
1748294329489 5005.70849609375 69
1748294329613 5006.3115234375 70
1748294329736 5005.29833984375 71
1748294329857 5005.18994140625 72
1748294329980 5008.60400390625 73
1748294330116 5003.57275390625 74
1748294330245 5003.744140625 75
1748294330370 5004.611328125 76
1748294330492 5005.69482421875 77
1748294330615 5003.0380859375 78
1748294330767 5003.63134765625 79
1748294330891 5004.55859375 80
1748294331015 5001.6884765625 81
1748294331169 5003.75244140625 82
1748294331324 5005.7001953125 83
1748294331447 5002.31103515625 84
1748294331569 5001.3349609375 85
1748294331691 5000.4228515625 86
1748294331813 5005.44482421875 87
1748294331937 5001.685546875 88
1748294332060 5003.38232421875 89
1748294332182 5004.86279296875 90
1748294332305 5005.77734375 91
1748294332430 5002.66357421875 92
1748294332577 5001.216796875 93
1748294332703 4999.28076171875 94
1748294332825 5006.095703125 95
1748294332946 5007.005859375 96
1748294333070 5007.265625 97
1748294333222 5004.23193359375 98
1748294333346 5003.70458984375 99
1748294333498 5004.89990234375 100
1748294333622 5005.14208984375 101
1748294333744 5004.97998046875 102
1748294333866 5005.01904296875 103
1748294333989 5003.99658203125 104
1748294334111 5004.78759765625 105
1748294334234 5004.958984375 106
1748294334357 5002.65087890625 107
1748294334478 5001.3837890625 108
1748294334601 5001.7470703125 109
1748294334743 5000.97119140625 110
1748294334867 5007.04052734375 111
1748294334990 5004.63232421875 112
1748294335112 5001.96435546875 113
1748294335235 5008.3349609375 114
1748294335360 5000.2685546875 115
1748294335486 5003.6201171875 116
1748294335608 5005.99609375 117
1748294335762 5001.33837890625 118
1748294335884 5002.958984375 119
1748294336007 5002.66943359375 120
1748294336130 5002.44970703125 121
1748294336252 5004.15966796875 122
1748294336376 5001.7744140625 123
1748294336499 5000.607421875 124
1748294336631 5005.04736328125 125
1748294336756 5001.779296875 126
1748294336904 5005.09765625 127
1748294337028 5000.2158203125 128
1748294337148 5003.5966796875 129
1748294337269 5001.978515625 130
1748294337390 5002.93212890625 131
1748294337510 5002.43994140625 132
1748294337631 5003.931640625 133
1748294337753 5001.267578125 134
1748294337874 4999.88134765625 135
1748294337995 5001.50390625 136
1748294338117 4999.74462890625 137
1748294344492 5005.99609375 138
