1748294584275 18410.896484375 0
1748294584445 17353.705078125 1
1748294584612 13189.2314453125 2
1748294584774 8673.3369140625 3
1748294584934 7030.73974609375 4
1748294585089 6251.21533203125 5
1748294585255 5867.43310546875 6
1748294585419 5678.14208984375 7
1748294585577 5588.6025390625 8
1748294585741 5518.03857421875 9
1748294585934 5454.1962890625 10
1748294586115 5391.84033203125 11
1748294586275 5348.615234375 12
1748294586439 5301.4443359375 13
1748294586604 5263.259765625 14
1748294586768 5224.6298828125 15
1748294586932 5186.44970703125 16
1748294587099 5161.49560546875 17
1748294587262 5142.4072265625 18
1748294587425 5127.14453125 19
1748294587591 5100.8623046875 20
1748294587756 5087.08154296875 21
1748294587920 5082.0966796875 22
1748294588082 5064.56591796875 23
1748294588242 5059.2578125 24
1748294588371 5058.46435546875 25
1748294588533 5049.4736328125 26
1748294588696 5047.56103515625 27
1748294588863 5036.701171875 28
1748294589061 5033.39990234375 29
1748294589249 5030.69580078125 30
1748294589415 5027.3447265625 31
1748294589579 5023.70263671875 32
1748294589714 5023.38720703125 33
1748294589875 5021.62451171875 34
1748294590002 5023.09423828125 35
1748294590126 5016.6923828125 36
1748294590252 5011.15380859375 37
1748294590406 5015.17041015625 38
1748294590531 5012.205078125 39
1748294590658 5027.77099609375 40
1748294590785 5010.83837890625 41
1748294590944 5015.30078125 42
1748294591074 5026.7470703125 43
1748294591234 5012.15869140625 44
1748294591390 5010.09716796875 45
1748294591517 5013.177734375 46
1748294591673 5014.2607421875 47
1748294591799 5011.18212890625 48
1748294591943 5011.046875 49
1748294592072 5005.78955078125 50
1748294592226 5008.34765625 51
1748294592353 5009.41845703125 52
1748294592515 5006.91552734375 53
1748294592641 5006.1220703125 54
1748294592765 5006.63330078125 55
1748294592915 5002.818359375 56
1748294593044 5002.3564453125 57
1748294593173 5008.2255859375 58
1748294593299 5005.9365234375 59
1748294593428 5003.34912109375 60
1748294593556 5007.21923828125 61
1748294593682 5006.0224609375 62
1748294593807 5009.94287109375 63
1748294593934 5006.1572265625 64
1748294594059 5011.13525390625 65
1748294594205 5006.33203125 66
1748294594331 5008.611328125 67
1748294594457 5004.32666015625 68
1748294594585 5006.66845703125 69
1748294594742 5008.8466796875 70
1748294594865 5010.498046875 71
1748294594996 5004.015625 72
1748294595123 5002.6259765625 73
1748294595250 5015.2587890625 74
1748294595373 5006.41064453125 75
1748294595499 5006.26513671875 76
1748294595627 5005.84814453125 77
1748294595755 5005.45849609375 78
1748294595882 5008.0166015625 79
1748294596008 5008.38525390625 80
1748294596143 5002.359375 81
1748294596274 5004.0419921875 82
1748294596400 5002.02001953125 83
1748294596525 5007.0185546875 84
1748294596669 5006.86669921875 85
1748294596798 5006.3056640625 86
1748294596926 5002.5673828125 87
1748294597055 5004.55078125 88
1748294597219 5005.77685546875 89
1748294603463 5006.66845703125 90
