1748294766558 18401.365234375 0
1748294766719 17246.751953125 1
1748294766872 12942.462890625 2
1748294767028 8544.6220703125 3
1748294767182 6857.59521484375 4
1748294767332 6163.36181640625 5
1748294767499 5834.955078125 6
1748294767652 5694.1220703125 7
1748294767803 5610.0859375 8
1748294767953 5549.55615234375 9
1748294768108 5501.51513671875 10
1748294768259 5446.2294921875 11
1748294768412 5391.35302734375 12
1748294768564 5345.6083984375 13
1748294768717 5304.50146484375 14
1748294768868 5267.009765625 15
1748294769020 5231.79931640625 16
1748294769172 5195.9248046875 17
1748294769325 5167.1435546875 18
1748294769477 5146.8037109375 19
1748294769628 5125.197265625 20
1748294769779 5112.57275390625 21
1748294769930 5099.42822265625 22
1748294770081 5082.1376953125 23
1748294770234 5082.91162109375 24
1748294770358 5064.88427734375 25
1748294770509 5058.912109375 26
1748294770685 5048.30419921875 27
1748294770836 5046.7900390625 28
1748294770987 5042.5927734375 29
1748294771145 5033.0859375 30
1748294771298 5027.90185546875 31
1748294771423 5024.38330078125 32
1748294771574 5026.38818359375 33
1748294771725 5024.75537109375 34
1748294771876 5017.6767578125 35
1748294772000 5028.75341796875 36
1748294772150 5016.4736328125 37
1748294772272 5013.1494140625 38
1748294772431 5011.3388671875 39
1748294772581 5015.0673828125 40
1748294772702 5011.80322265625 41
1748294772824 5010.1923828125 42
1748294772973 5012.986328125 43
1748294773124 5016.0517578125 44
1748294773248 5008.6123046875 45
1748294773369 5009.60205078125 46
1748294773509 5009.3134765625 47
1748294773632 5013.1123046875 48
1748294773755 5008.93017578125 49
1748294773906 5023.1484375 50
1748294774029 5009.9296875 51
1748294774149 5010.06884765625 52
1748294774272 5007.26318359375 53
1748294774395 5002.9775390625 54
1748294774522 5002.8740234375 55
1748294774647 5017.79638671875 56
1748294774770 5012.12890625 57
1748294774896 5011.79736328125 58
1748294775020 5005.20361328125 59
1748294775143 5010.0390625 60
1748294775264 5002.494140625 61
1748294775384 5006.5986328125 62
1748294775505 5009.3984375 63
1748294775631 5003.47705078125 64
1748294775757 5006.17138671875 65
1748294775912 5003.13720703125 66
1748294776033 5008.09423828125 67
1748294776177 5011.07177734375 68
1748294776301 5005.4248046875 69
1748294776425 5011.9296875 70
1748294776549 5002.4296875 71
1748294776674 5001.3212890625 72
1748294776801 5003.9404296875 73
1748294776926 5002.64013671875 74
1748294777050 5009.48193359375 75
1748294777172 5006.77587890625 76
1748294777297 5002.2255859375 77
1748294777419 5005.5126953125 78
1748294777541 5003.77294921875 79
1748294777695 5008.95751953125 80
1748294777817 5002.154296875 81
1748294777942 5019.669921875 82
1748294778065 5002.02880859375 83
1748294778189 5004.01904296875 84
1748294778332 5003.92236328125 85
1748294778458 5006.48779296875 86
1748294778579 5005.54833984375 87
1748294778705 5015.955078125 88
1748294778832 5010.77587890625 89
1748294778960 5004.462890625 90
1748294779086 5007.42724609375 91
1748294779211 5006.896484375 92
1748294779335 5005.2939453125 93
1748294779456 5005.09912109375 94
1748294779581 5005.90185546875 95
1748294779702 5007.69921875 96
1748294779826 5004.44580078125 97
1748294779947 5012.58251953125 98
1748294780070 5010.49853515625 99
1748294786156 5003.77294921875 100
