1748294497355 18437.857421875 0
1748294497514 17868.388671875 1
1748294497666 15529.21875 2
1748294497818 11183.4228515625 3
1748294497973 8282.740234375 4
1748294498123 7059.10302734375 5
1748294498293 6362.1142578125 6
1748294498442 5987.5390625 7
1748294498593 5791.31982421875 8
1748294498749 5683.576171875 9
1748294498900 5601.947265625 10
1748294499047 5541.0751953125 11
1748294499198 5494.111328125 12
1748294499349 5445.484375 13
1748294499500 5402.7158203125 14
1748294499648 5362.8779296875 15
1748294499800 5330.93798828125 16
1748294499948 5304.7470703125 17
1748294500096 5272.65966796875 18
1748294500245 5247.07861328125 19
1748294500397 5221.0595703125 20
1748294500551 5194.26904296875 21
1748294500701 5174.38720703125 22
1748294500850 5153.08056640625 23
1748294500996 5138.12451171875 24
1748294501162 5121.47900390625 25
1748294501311 5111.92529296875 26
1748294501464 5102.18310546875 27
1748294501617 5093.78857421875 28
1748294501767 5085.037109375 29
1748294501918 5074.9208984375 30
1748294502070 5071.013671875 31
1748294502218 5061.04443359375 32
1748294502372 5051.82763671875 33
1748294502525 5054.26806640625 34
1748294502675 5044.94482421875 35
1748294502798 5041.30859375 36
1748294502950 5039.5400390625 37
1748294503102 5033.57958984375 38
1748294503252 5028.287109375 39
1748294503373 5022.990234375 40
1748294503508 5023.1044921875 41
1748294503661 5021.474609375 42
1748294503819 5019.97314453125 43
1748294503989 5019.6591796875 44
1748294504109 5018.44970703125 45
1748294504234 5017.9638671875 46
1748294504386 5013.162109375 47
1748294504509 5012.2763671875 48
1748294504661 5011.40185546875 49
1748294504811 5012.345703125 50
1748294504961 5010.923828125 51
1748294505110 5008.3505859375 52
1748294505233 5007.10205078125 53
1748294505357 5006.29736328125 54
1748294505478 5006.0322265625 55
1748294505629 5008.26611328125 56
1748294505750 5005.66650390625 57
1748294505871 5008.9794921875 58
1748294505992 5008.18310546875 59
1748294506140 5006.67724609375 60
1748294506261 5006.8125 61
1748294506384 5008.56884765625 62
1748294506565 5005.8310546875 63
1748294506685 5003.3134765625 64
1748294506838 5006.96435546875 65
1748294506960 5004.53662109375 66
1748294507079 5004.03515625 67
1748294507200 5005.22314453125 68
1748294507351 5005.25537109375 69
1748294507474 5004.8857421875 70
1748294507593 5007.15185546875 71
1748294507715 5005.13818359375 72
1748294507836 5004.20361328125 73
1748294507959 5002.74560546875 74
1748294508081 5007.5361328125 75
1748294508200 5007.232421875 76
1748294508321 5004.03759765625 77
1748294508442 5001.54638671875 78
1748294508566 5008.27490234375 79
1748294508686 5005.5888671875 80
1748294508807 5002.044921875 81
1748294508975 5015.3056640625 82
1748294509122 5005.15673828125 83
1748294509245 5003.58837890625 84
1748294509367 5002.447265625 85
1748294509490 5009.8232421875 86
1748294509613 5005.31787109375 87
1748294509734 5006.33251953125 88
1748294509854 5001.158203125 89
1748294509977 5003.94873046875 90
1748294510099 5001.85595703125 91
1748294510221 5002.68603515625 92
1748294510344 5001.05517578125 93
1748294510465 5006.6025390625 94
1748294510589 5004.6484375 95
1748294510712 5004.982421875 96
1748294510836 5007.17724609375 97
1748294510978 5002.6279296875 98
1748294511102 5004.759765625 99
1748294511224 5005.73486328125 100
1748294511349 5003.24609375 101
1748294511475 5003.439453125 102
1748294517407 5015.3056640625 103
