1748294356774 18477.041015625 0
1748294356946 18473.216796875 1
1748294357107 18465.642578125 2
1748294357267 18451.248046875 3
1748294357464 18426.90625 4
1748294357715 18389.83203125 5
1748294357877 18337.603515625 6
1748294358037 18268.25390625 7
1748294358196 18179.939453125 8
1748294358357 18071.01171875 9
1748294358517 17940.017578125 10
1748294358706 17785.48828125 11
1748294358864 17605.943359375 12
1748294359025 17400.404296875 13
1748294359189 17167.814453125 14
1748294359370 16907.326171875 15
1748294359535 16618.23828125 16
1748294359694 16299.453125 17
1748294359854 15951.9697265625 18
1748294360019 15573.5546875 19
1748294360186 15167.646484375 20
1748294360345 14736.56640625 21
1748294360504 14281.197265625 22
1748294360661 13807.630859375 23
1748294360818 13334.3115234375 24
1748294360978 12859.6572265625 25
1748294361135 12393.611328125 26
1748294361292 11934.359375 27
1748294361448 11494.3486328125 28
1748294361605 11071.1123046875 29
1748294361786 10680.263671875 30
1748294361947 10310.716796875 31
1748294362107 9969.849609375 32
1748294362265 9658.279296875 33
1748294362422 9371.228515625 34
1748294362581 9109.7294921875 35
1748294362739 8863.568359375 36
1748294362897 8652.04296875 37
1748294363055 8468.9091796875 38
1748294363213 8306.736328125 39
1748294363371 8158.18896484375 40
1748294363530 8018.29345703125 41
1748294363689 7893.8134765625 42
1748294363847 7776.72509765625 43
1748294364008 7667.67333984375 44
1748294364166 7562.2529296875 45
1748294364326 7464.26220703125 46
1748294364483 7371.74853515625 47
1748294364643 7280.36572265625 48
1748294364834 7192.51513671875 49
1748294364991 7108.9404296875 50
1748294365150 7024.49755859375 51
1748294365309 6944.15185546875 52
1748294365464 6864.87939453125 53
1748294365625 6788.3525390625 54
1748294365788 6712.63330078125 55
1748294365951 6645.83154296875 56
1748294366113 6583.05126953125 57
1748294366276 6523.0986328125 58
1748294366439 6466.984375 59
1748294366607 6414.09619140625 60
1748294366775 6360.5615234375 61
1748294366936 6314.12939453125 62
1748294367093 6266.82470703125 63
1748294367252 6226.2626953125 64
1748294367412 6185.990234375 65
1748294367578 6146.5830078125 66
1748294367741 6110.6171875 67
1748294367897 6076.0244140625 68
1748294368058 6043.130859375 69
1748294368242 6011.958984375 70
1748294368400 5985.74072265625 71
1748294368562 5960.2392578125 72
1748294368728 5938.84326171875 73
1748294368905 5914.33447265625 74
1748294369084 5895.66796875 75
1748294369249 5877.4052734375 76
1748294369416 5857.6806640625 77
1748294369579 5839.38916015625 78
1748294369745 5822.171875 79
1748294369915 5806.7412109375 80
1748294370073 5791.525390625 81
1748294370237 5777.5791015625 82
1748294370403 5762.61181640625 83
1748294370568 5749.115234375 84
1748294370727 5734.34814453125 85
1748294370887 5722.42041015625 86
1748294371080 5710.87451171875 87
1748294371244 5700.3525390625 88
1748294371406 5690.05224609375 89
1748294371566 5679.83544921875 90
1748294371727 5670.3818359375 91
1748294371898 5661.7392578125 92
1748294372063 5652.703125 93
1748294372222 5642.4013671875 94
1748294372382 5634.056640625 95
1748294372557 5626.4306640625 96
1748294372747 5618.0791015625 97
1748294372920 5609.61767578125 98
1748294373089 5603.83251953125 99
1748294373252 5596.7216796875 100
1748294373408 5588.88427734375 101
1748294373561 5581.91650390625 102
1748294373738 5575.2080078125 103
1748294373895 5569.22119140625 104
1748294374051 5563.14794921875 105
1748294374212 5556.123046875 106
1748294374366 5549.89794921875 107
1748294374518 5543.97265625 108
1748294374674 5538.69921875 109
1748294374833 5532.025390625 110
1748294374989 5525.97802734375 111
1748294375146 5519.06689453125 112
1748294375305 5513.07666015625 113
1748294375460 5507.576171875 114
1748294375616 5501.39306640625 115
1748294375776 5495.08203125 116
1748294375936 5490.2451171875 117
1748294376094 5484.251953125 118
1748294376251 5479.0048828125 119
1748294376429 5473.2412109375 120
1748294376584 5467.83447265625 121
1748294376743 5461.6435546875 122
1748294376901 5456.5234375 123
1748294377055 5450.06689453125 124
1748294377215 5444.54345703125 125
1748294377371 5439.38916015625 126
1748294377525 5434.46826171875 127
1748294377682 5429.2265625 128
1748294377838 5423.693359375 129
1748294377996 5417.9091796875 130
1748294378152 5413.6279296875 131
1748294378306 5408.78955078125 132
1748294378461 5405.95654296875 133
1748294378618 5398.73046875 134
1748294378771 5395.27099609375 135
1748294378945 5390.62890625 136
1748294379099 5385.9794921875 137
1748294379253 5381.0693359375 138
1748294379414 5376.6298828125 139
1748294379572 5372.1845703125 140
1748294379729 5367.3251953125 141
1748294379895 5363.11083984375 142
1748294380049 5358.56591796875 143
1748294380204 5354.18994140625 144
1748294380360 5350.04248046875 145
1748294380516 5346.05517578125 146
1748294380675 5340.828125 147
1748294380833 5336.57373046875 148
1748294380989 5331.6923828125 149
1748294381163 5327.45654296875 150
1748294381322 5323.4267578125 151
1748294381480 5318.88232421875 152
1748294381634 5315.353515625 153
1748294381796 5311.62841796875 154
1748294381951 5307.3994140625 155
1748294382104 5303.3955078125 156
1748294382261 5299.6298828125 157
1748294382417 5295.703125 158
1748294382570 5291.53466796875 159
1748294382723 5287.43505859375 160
1748294382878 5283.7216796875 161
1748294383032 5280.408203125 162
1748294383188 5276.2041015625 163
1748294383341 5272.3720703125 164
1748294383511 5268.56201171875 165
1748294383664 5265.35595703125 166
1748294383817 5261.2138671875 167
1748294383971 5257.77880859375 168
1748294384125 5254.32763671875 169
1748294384281 5250.18408203125 170
1748294384437 5247.65771484375 171
1748294384592 5243.21142578125 172
1748294384747 5239.7587890625 173
1748294384900 5235.31298828125 174
1748294385053 5232.2109375 175
1748294385209 5228.60400390625 176
1748294385361 5225.09423828125 177
1748294385517 5222.32568359375 178
1748294385694 5218.90966796875 179
1748294385848 5215.62646484375 180
1748294386003 5212.8828125 181
1748294386158 5209.8134765625 182
1748294386312 5207.27294921875 183
1748294386467 5204.24658203125 184
1748294386622 5201.42919921875 185
1748294386779 5198.6572265625 186
1748294386935 5196.24365234375 187
1748294387090 5193.81884765625 188
1748294387244 5190.77490234375 189
1748294387397 5188.40966796875 190
1748294387553 5185.5830078125 191
1748294387706 5183.00244140625 192
1748294387859 5180.353515625 193
1748294388011 5177.60693359375 194
1748294388179 5175.34228515625 195
1748294388331 5172.08935546875 196
1748294388484 5170.22021484375 197
1748294388636 5167.2421875 198
1748294388791 5165.0654296875 199
1748294388944 5162.501953125 200
1748294389101 5160.50439453125 201
1748294389253 5157.57275390625 202
1748294389407 5155.40380859375 203
1748294389561 5153.0927734375 204
1748294389715 5150.95361328125 205
1748294389868 5147.7939453125 206
1748294390023 5145.9921875 207
1748294390179 5143.04296875 208
1748294390347 5140.9462890625 209
1748294390501 5138.677734375 210
1748294390656 5137.61279296875 211
1748294390809 5134.6298828125 212
1748294390962 5133.53955078125 213
1748294391117 5131.1005859375 214
1748294391270 5130.17626953125 215
1748294391425 5127.115234375 216
1748294391578 5126.1640625 217
1748294391732 5124.90576171875 218
1748294391887 5122.853515625 219
1748294392040 5121.2607421875 220
1748294392192 5119.55615234375 221
1748294392344 5117.57763671875 222
1748294392498 5115.98779296875 223
1748294392673 5114.53955078125 224
1748294392827 5112.81494140625 225
1748294392976 5111.173828125 226
1748294393132 5109.65673828125 227
1748294393285 5107.68798828125 228
1748294393437 5107.03955078125 229
1748294393592 5105.75634765625 230
1748294393745 5103.6279296875 231
1748294393899 5102.22900390625 232
1748294394051 5100.916015625 233
1748294394211 5099.02001953125 234
1748294394363 5097.65673828125 235
1748294394518 5096.4921875 236
1748294394673 5095.1201171875 237
1748294394847 5094.39111328125 238
1748294394999 5092.4736328125 239
1748294395152 5091.3876953125 240
1748294395304 5090.97314453125 241
1748294395457 5090.77880859375 242
1748294395581 5088.6513671875 243
1748294395733 5087.62841796875 244
1748294395889 5085.75390625 245
1748294396050 5084.53515625 246
1748294396202 5083.41357421875 247
1748294396355 5082.58056640625 248
1748294396509 5081.8427734375 249
1748294396687 5080.66552734375 250
1748294396849 5079.42333984375 251
1748294397027 5078.1982421875 252
1748294397179 5077.06298828125 253
1748294397332 5076.1171875 254
1748294397486 5075.85009765625 255
1748294397642 5074.89697265625 256
1748294397795 5073.9140625 257
1748294397949 5072.791015625 258
1748294398105 5071.462890625 259
1748294398256 5070.17578125 260
1748294398408 5069.51953125 261
1748294398532 5067.927734375 262
1748294398657 5067.0849609375 263
1748294398811 5066.60595703125 264
1748294398965 5065.47900390625 265
1748294399136 5064.2060546875 266
1748294399290 5064.40869140625 267
1748294399447 5063.58837890625 268
1748294399600 5062.00439453125 269
1748294399754 5060.94873046875 270
1748294399907 5060.33203125 271
1748294400036 5059.67529296875 272
1748294400191 5058.44970703125 273
1748294400346 5057.85009765625 274
1748294400499 5056.181640625 275
1748294400652 5055.94677734375 276
1748294400806 5055.22802734375 277
1748294400959 5053.9599609375 278
1748294401129 5053.29833984375 279
1748294401281 5053.1328125 280
1748294401436 5051.4697265625 281
1748294401589 5050.71337890625 282
1748294401742 5049.65966796875 283
1748294401866 5049.40576171875 284
1748294402023 5048.50390625 285
1748294402175 5047.60400390625 286
1748294402328 5047.31103515625 287
1748294402483 5046.6943359375 288
1748294402640 5045.6904296875 289
1748294402763 5045.033203125 290
1748294402916 5044.30810546875 291
1748294403074 5043.75 292
1748294403246 5042.5712890625 293
1748294403397 5042.4931640625 294
1748294403551 5041.4462890625 295
1748294403706 5040.9755859375 296
1748294403857 5040.47509765625 297
1748294404012 5039.6787109375 298
1748294404162 5040.0419921875 299
