1748294250151 13798.234375 0
1748294250306 5752.43505859375 1
1748294250463 5368.48291015625 2
1748294250613 5199.12109375 3
1748294250761 5107.17578125 4
1748294250908 5083.6357421875 5
1748294251056 5054.88720703125 6
1748294251176 5083.02490234375 7
1748294251324 5050.68505859375 8
1748294251439 5048.07861328125 9
1748294251559 5033.0478515625 10
1748294251675 5113.0927734375 11
1748294251792 5035.98828125 12
1748294251909 5066.68798828125 13
1748294252025 5047.0400390625 14
1748294252144 5052.40625 15
1748294252292 5049.04345703125 16
1748294252412 5051.7919921875 17
1748294252558 5092.18017578125 18
1748294252678 5038.4375 19
1748294252794 5088.73388671875 20
1748294252910 5072.3466796875 21
1748294253033 5076.560546875 22
1748294253151 5084.125 23
1748294253272 5049.69873046875 24
1748294253392 5035.7529296875 25
1748294253511 5056.853515625 26
1748294253630 5039.74755859375 27
1748294253757 5051.8359375 28
1748294253874 5047.00439453125 29
1748294254008 5056.3017578125 30
1748294254154 5053.130859375 31
1748294254312 5046.07958984375 32
1748294254442 5069.67236328125 33
1748294254565 5030.44921875 34
1748294254686 5034.63134765625 35
1748294254806 5033.162109375 36
1748294254954 5037.3515625 37
1748294255072 5051.64404296875 38
1748294255215 5085.880859375 39
1748294255335 5038.6591796875 40
1748294255448 5034.82568359375 41
1748294255568 5030.2919921875 42
1748294255696 5055.060546875 43
1748294255811 5042.2451171875 44
1748294255923 5035.533203125 45
1748294256039 5064.798828125 46
1748294256154 5037.72998046875 47
1748294256273 5041.23828125 48
1748294256396 5059.744140625 49
1748294256511 5055.208984375 50
1748294256634 5066.51513671875 51
1748294256760 5052.29052734375 52
1748294256873 5060.33935546875 53
1748294256990 5038.72509765625 54
1748294257108 5067.1171875 55
1748294257232 5032.56103515625 56
1748294263221 5033.162109375 57
