1748294799746 18476.34375 0
1748294799924 18469.12890625 1
1748294800102 18452.359375 2
1748294800282 18419.111328125 3
1748294800456 18363.3515625 4
1748294800635 18279.685546875 5
1748294800811 18163.78125 6
1748294800989 18012.056640625 7
1748294801169 17821.201171875 8
1748294801346 17587.6015625 9
1748294801523 17308.833984375 10
1748294801705 16982.21484375 11
1748294801879 16604.890625 12
1748294802072 16175.76953125 13
1748294802250 15693.5224609375 14
1748294802427 15160.1689453125 15
1748294802607 14581.63671875 16
1748294802789 13958.5859375 17
1748294802962 13321.94921875 18
1748294803140 12697.7421875 19
1748294803310 12078.40234375 20
1748294803479 11478.1650390625 21
1748294803659 10910.560546875 22
1748294803832 10403.822265625 23
1748294804009 9938.7080078125 24
1748294804188 9521.64453125 25
1748294804364 9151.001953125 26
1748294804543 8820.923828125 27
1748294804720 8548.12109375 28
1748294804898 8317.7880859375 29
1748294805077 8116.11962890625 30
1748294805272 7940.00830078125 31
1748294805447 7770.640625 32
1748294805628 7619.302734375 33
1748294805808 7474.8154296875 34
1748294805983 7347.2890625 35
1748294806161 7225.7744140625 36
1748294806340 7106.962890625 37
1748294806521 6993.43603515625 38
1748294806699 6882.7763671875 39
1748294806874 6781.97509765625 40
1748294807051 6689.3583984375 41
1748294807231 6603.2861328125 42
1748294807412 6520.27099609375 43
1748294807592 6447.84765625 44
1748294807771 6380.1025390625 45
1748294807949 6317.76123046875 46
1748294808152 6253.88818359375 47
1748294808335 6202.96435546875 48
1748294808515 6156.41162109375 49
1748294808690 6107.48291015625 50
1748294808862 6064.07861328125 51
1748294809043 6021.6083984375 52
1748294809221 5979.85302734375 53
1748294809404 5943.34765625 54
1748294809585 5911.71240234375 55
1748294809767 5883.72705078125 56
1748294809947 5856.49853515625 57
1748294810125 5833.10400390625 58
1748294810304 5809.35205078125 59
1748294810487 5785.8525390625 60
1748294810669 5764.0390625 61
1748294810850 5744.4580078125 62
1748294811058 5725.693359375 63
1748294811236 5706.875 64
1748294811416 5692.9912109375 65
1748294811593 5680.27099609375 66
1748294811773 5664.11572265625 67
1748294811956 5651.548828125 68
1748294812139 5639.96923828125 69
1748294812325 5628.46337890625 70
1748294812506 5618.095703125 71
1748294812692 5606.2578125 72
1748294812872 5596.25048828125 73
1748294813051 5586.6162109375 74
1748294813231 5577.7734375 75
1748294813428 5568.93505859375 76
1748294813616 5560.01806640625 77
1748294813799 5552.33544921875 78
1748294813982 5543.8388671875 79
1748294814162 5536.3076171875 80
1748294814342 5528.06201171875 81
1748294814524 5519.93603515625 82
1748294814706 5512.3291015625 83
1748294814887 5504.423828125 84
1748294815071 5497.501953125 85
1748294815251 5489.23876953125 86
1748294815432 5481.79150390625 87
1748294815610 5473.77880859375 88
1748294815811 5467.72412109375 89
1748294815994 5459.47119140625 90
1748294816174 5453.443359375 91
1748294816354 5445.97705078125 92
1748294816533 5440.15966796875 93
1748294816728 5432.68359375 94
1748294816909 5426.2802734375 95
1748294817090 5419.33349609375 96
1748294817269 5412.70166015625 97
1748294817450 5407.3076171875 98
1748294817631 5401.2705078125 99
1748294817815 5395.17138671875 100
1748294817992 5389.3544921875 101
1748294818172 5383.22509765625 102
1748294818381 5378.216796875 103
1748294818563 5371.830078125 104
1748294818744 5365.8291015625 105
1748294818925 5359.65283203125 106
1748294819104 5354.638671875 107
1748294819282 5348.701171875 108
1748294819465 5343.69091796875 109
1748294819646 5337.99658203125 110
1748294819827 5332.8212890625 111
1748294820009 5327.537109375 112
1748294820196 5322.3525390625 113
1748294820378 5316.3701171875 114
1748294820565 5311.9052734375 115
1748294820755 5306.71826171875 116
1748294820934 5301.15771484375 117
1748294821115 5296.12744140625 118
1748294821300 5291.97998046875 119
1748294821482 5285.419921875 120
1748294821662 5280.2802734375 121
1748294821843 5275.85302734375 122
1748294822028 5271.8759765625 123
1748294822206 5265.87158203125 124
1748294822385 5261.47802734375 125
1748294822565 5257.2939453125 126
1748294822745 5251.7958984375 127
1748294822939 5247.9990234375 128
1748294823125 5242.70703125 129
1748294823308 5238.345703125 130
1748294823490 5234.1279296875 131
1748294823674 5230.294921875 132
1748294823857 5225.9345703125 133
1748294824038 5222.61279296875 134
1748294824223 5218.3876953125 135
1748294824422 5215.228515625 136
1748294824623 5210.615234375 137
1748294824802 5207.14453125 138
1748294824982 5204.345703125 139
1748294825162 5200.15283203125 140
1748294825342 5196.3544921875 141
1748294825552 5193.36669921875 142
1748294825736 5189.55224609375 143
1748294825918 5185.943359375 144
1748294826100 5182.87060546875 145
1748294826282 5178.83056640625 146
1748294826461 5175.43408203125 147
1748294826642 5171.8203125 148
1748294826822 5168.3994140625 149
1748294827009 5164.74951171875 150
1748294827195 5161.68701171875 151
1748294827392 5159.853515625 152
1748294827578 5154.97509765625 153
1748294827773 5152.5390625 154
1748294827953 5149.8076171875 155
1748294828132 5146.82080078125 156
1748294828310 5146.34765625 157
1748294828464 5142.75390625 158
1748294828647 5140.2294921875 159
1748294828828 5137.18310546875 160
1748294829008 5134.87353515625 161
1748294829188 5131.99853515625 162
1748294829370 5130.22314453125 163
1748294829552 5126.4912109375 164
1748294829740 5125.009765625 165
1748294829941 5121.9091796875 166
1748294830131 5119.8681640625 167
1748294830312 5117.21728515625 168
1748294830490 5115.70458984375 169
1748294830672 5112.74755859375 170
1748294830855 5112.02978515625 171
1748294831036 5109.193359375 172
1748294831215 5107.0849609375 173
1748294831402 5105.44482421875 174
1748294831583 5103.6005859375 175
1748294831766 5101.9404296875 176
1748294831953 5100.46923828125 177
1748294832139 5099.31787109375 178
1748294832320 5097.6015625 179
1748294832499 5095.80859375 180
1748294832652 5094.35791015625 181
1748294832833 5092.49267578125 182
1748294833011 5091.341796875 183
1748294833189 5090.103515625 184
1748294833367 5088.130859375 185
1748294833544 5086.81201171875 186
1748294833725 5085.29931640625 187
1748294833906 5083.3857421875 188
1748294834088 5082.20849609375 189
1748294834284 5081.068359375 190
1748294834468 5079.2265625 191
1748294834648 5078.044921875 192
1748294834830 5077.5751953125 193
1748294834977 5075.52099609375 194
1748294835158 5074.45751953125 195
1748294835340 5073.96923828125 196
1748294835515 5072.36669921875 197
1748294835693 5071.677734375 198
1748294835873 5069.4150390625 199
1748294836049 5068.5791015625 200
1748294836229 5067.87109375 201
1748294836412 5066.90185546875 202
1748294836619 5065.7685546875 203
1748294836798 5064.46533203125 204
1748294836979 5062.814453125 205
1748294837158 5061.966796875 206
1748294837336 5061.54638671875 207
1748294837518 5059.888671875 208
1748294837698 5058.2626953125 209
1748294837880 5057.42431640625 210
1748294838059 5056.6875 211
1748294838245 5055.11767578125 212
1748294838425 5054.94677734375 213
1748294838607 5053.291015625 214
1748294838802 5052.3388671875 215
1748294838982 5051.1083984375 216
1748294839159 5049.90576171875 217
1748294839334 5048.869140625 218
1748294839478 5048.15380859375 219
1748294839652 5046.79345703125 220
1748294839830 5045.78515625 221
1748294840003 5044.99462890625 222
1748294840149 5044.37646484375 223
1748294840325 5043.1142578125 224
1748294840499 5042.79345703125 225
1748294840681 5041.505859375 226
1748294840861 5040.44091796875 227
1748294841061 5039.8974609375 228
1748294841240 5039.248046875 229
1748294841422 5039.82763671875 230
1748294841572 5037.55224609375 231
1748294841754 5037.7236328125 232
1748294841929 5036.5712890625 233
1748294842104 5035.29541015625 234
1748294842283 5035.04931640625 235
1748294842461 5034.39697265625 236
1748294842640 5033.06396484375 237
1748294842822 5033.02001953125 238
1748294843029 5031.86474609375 239
1748294843210 5031.84326171875 240
1748294843386 5030.6044921875 241
1748294843566 5029.7724609375 242
1748294843744 5028.720703125 243
1748294843894 5028.5654296875 244
1748294844075 5027.9296875 245
1748294844254 5028.4013671875 246
1748294844434 5027.265625 247
1748294844615 5026.85009765625 248
1748294844764 5025.7216796875 249
1748294844951 5025.3408203125 250
1748294845146 5025.015625 251
1748294845327 5024.150390625 252
1748294845508 5024.0283203125 253
1748294845688 5023.17919921875 254
1748294845837 5021.97314453125 255
1748294846017 5022.5 256
1748294846199 5022.34326171875 257
1748294846374 5021.177734375 258
1748294846549 5020.4072265625 259
1748294846724 5020.701171875 260
1748294846890 5020.23486328125 261
1748294847065 5020.1162109375 262
1748294847228 5019.25146484375 263
1748294847407 5019.53515625 264
1748294847584 5018.30224609375 265
1748294847767 5018.0771484375 266
1748294847915 5017.259765625 267
1748294848073 5018.27197265625 268
1748294848222 5017.10302734375 269
1748294848380 5015.935546875 270
1748294848523 5015.81884765625 271
1748294848670 5015.65478515625 272
1748294848862 5015.26806640625 273
1748294849038 5015.8408203125 274
1748294849181 5014.513671875 275
1748294849353 5014.2919921875 276
1748294849527 5013.5556640625 277
1748294849702 5015.0634765625 278
1748294849844 5013.43115234375 279
1748294849988 5013.361328125 280
1748294850165 5013.3125 281
1748294850339 5013.015625 282
1748294850512 5013.18505859375 283
1748294850659 5012.36181640625 284
1748294850840 5013.24755859375 285
1748294851017 5011.57373046875 286
1748294851217 5011.453125 287
1748294851397 5010.95947265625 288
1748294851548 5011.1689453125 289
1748294851704 5011.580078125 290
1748294851856 5011.5595703125 291
1748294852004 5010.45556640625 292
1748294852155 5010.5830078125 293
1748294852338 5010.49462890625 294
1748294852487 5010.41162109375 295
1748294852632 5009.5419921875 296
1748294852784 5009.3779296875 297
1748294852982 5010.46533203125 298
1748294853168 5009.2939453125 299
