1748294411311 18415.181640625 0
1748294411477 17400.44921875 1
1748294411640 13326.26171875 2
1748294411799 8816.365234375 3
1748294411962 7163.486328125 4
1748294412168 6348.7421875 5
1748294412347 5920.25927734375 6
1748294412522 5723.95556640625 7
1748294412686 5623.22607421875 8
1748294412843 5539.943359375 9
1748294412998 5483.74462890625 10
1748294413173 5431.54833984375 11
1748294413332 5390.6796875 12
1748294413485 5346.5263671875 13
1748294413638 5314.70947265625 14
1748294413791 5280.798828125 15
1748294413945 5252.39599609375 16
1748294414100 5222.16455078125 17
1748294414261 5192.75732421875 18
1748294414413 5172.3056640625 19
1748294414567 5146.64892578125 20
1748294414726 5128.97802734375 21
1748294414881 5113.8798828125 22
1748294415037 5096.6904296875 23
1748294415195 5086.16015625 24
1748294415353 5074.5419921875 25
1748294415509 5072.8583984375 26
1748294415662 5067.6298828125 27
1748294415825 5050.37646484375 28
1748294416041 5041.56005859375 29
1748294416222 5045.3515625 30
1748294416389 5038.279296875 31
1748294416548 5038.98388671875 32
1748294416709 5035.5234375 33
1748294416866 5028.4111328125 34
1748294417027 5025.43701171875 35
1748294417191 5026.10302734375 36
1748294417370 5022.8974609375 37
1748294417526 5020.37060546875 38
1748294417714 5015.8076171875 39
1748294417842 5022.32763671875 40
1748294417998 5012.48291015625 41
1748294418127 5013.02880859375 42
1748294418284 5013.74267578125 43
1748294418442 5018.94140625 44
1748294418568 5012.0234375 45
1748294418695 5016.0615234375 46
1748294418822 5012.94677734375 47
1748294418947 5008.3896484375 48
1748294419075 5007.298828125 49
1748294419201 5011.27099609375 50
1748294419333 5006.8916015625 51
1748294419461 5011.0302734375 52
1748294419621 5015.91796875 53
1748294419749 5009.85302734375 54
1748294419878 5007.1630859375 55
1748294420007 5008.837890625 56
1748294420133 5002.7275390625 57
1748294420283 5007.65771484375 58
1748294420413 5006.20361328125 59
1748294420540 5003.98291015625 60
1748294420666 5012.18359375 61
1748294420789 5003.6103515625 62
1748294420915 5004.10546875 63
1748294421042 5004.85791015625 64
1748294421173 5011.29296875 65
1748294421303 5004.84326171875 66
1748294421431 5004.638671875 67
1748294421559 5005.94091796875 68
1748294421686 5006.81591796875 69
1748294421811 5005.33154296875 70
1748294421936 5008.46630859375 71
1748294422063 5007.10302734375 72
1748294428356 5011.0302734375 73
