1748294529422 18477.119140625 0
1748294529587 18473.041015625 1
1748294529745 18465.025390625 2
1748294529906 18449.78515625 3
1748294530062 18424.115234375 4
1748294530223 18385.1953125 5
1748294530379 18330.46484375 6
1748294530536 18257.818359375 7
1748294530698 18165.267578125 8
1748294530890 18051.310546875 9
1748294531046 17914.52734375 10
1748294531200 17753.509765625 11
1748294531353 17567.140625 12
1748294531508 17354.220703125 13
1748294531663 17114.146484375 14
1748294531817 16845.548828125 15
1748294531972 16547.75390625 16
1748294532126 16220.3994140625 17
1748294532282 15862.8388671875 18
1748294532435 15474.7197265625 19
1748294532589 15060.2060546875 20
1748294532743 14621.115234375 21
1748294532896 14157.1318359375 22
1748294533048 13677.03125 23
1748294533204 13200.2666015625 24
1748294533359 12720.58984375 25
1748294533515 12253.0048828125 26
1748294533673 11793.384765625 27
1748294533829 11353.375 28
1748294534003 10932.326171875 29
1748294534161 10538.7021484375 30
1748294534317 10171.4130859375 31
1748294534470 9825.5146484375 32
1748294534623 9522.892578125 33
1748294534781 9245.521484375 34
1748294534935 8985.787109375 35
1748294535091 8756.1826171875 36
1748294535244 8541.8681640625 37
1748294535399 8358.0146484375 38
1748294535554 8193.2041015625 39
1748294535711 8045.830078125 40
1748294535866 7915.20166015625 41
1748294536023 7791.77734375 42
1748294536191 7676.4677734375 43
1748294536344 7568.326171875 44
1748294536500 7464.37158203125 45
1748294536676 7362.91650390625 46
1748294536828 7267.89501953125 47
1748294536985 7172.50537109375 48
1748294537141 7080.8564453125 49
1748294537299 6991.4287109375 50
1748294537457 6909.3056640625 51
1748294537617 6830.65673828125 52
1748294537777 6751.6787109375 53
1748294537930 6677.85546875 54
1748294538084 6604.90283203125 55
1748294538240 6540.4404296875 56
1748294538393 6479.22607421875 57
1748294538549 6425.85205078125 58
1748294538705 6374.3681640625 59
1748294538861 6324.37646484375 60
1748294539018 6274.705078125 61
1748294539173 6232.0673828125 62
1748294539327 6191.51318359375 63
1748294539495 6150.146484375 64
1748294539652 6114.47412109375 65
1748294539807 6081.34423828125 66
1748294539963 6046.66162109375 67
1748294540116 6013.60595703125 68
1748294540272 5982.037109375 69
1748294540427 5952.73095703125 70
1748294540583 5925.15283203125 71
1748294540737 5899.90625 72
1748294540890 5878.5068359375 73
1748294541042 5857.49169921875 74
1748294541198 5836.66259765625 75
1748294541352 5817.85986328125 76
1748294541504 5799.42138671875 77
1748294541659 5782.1826171875 78
1748294541815 5765.75146484375 79
1748294541971 5749.6767578125 80
1748294542127 5734.25537109375 81
1748294542284 5721.98046875 82
1748294542462 5708.1630859375 83
1748294542623 5695.26416015625 84
1748294542779 5685.9990234375 85
1748294542934 5675.63232421875 86
1748294543089 5664.4775390625 87
1748294543246 5654.39599609375 88
1748294543404 5643.87109375 89
1748294543559 5634.90234375 90
1748294543713 5625.44775390625 91
1748294543867 5616.6865234375 92
1748294544022 5607.72021484375 93
1748294544177 5600.0791015625 94
1748294544334 5591.4814453125 95
1748294544490 5584.98193359375 96
1748294544649 5577.14111328125 97
1748294544807 5569.51416015625 98
1748294544981 5561.85302734375 99
1748294545137 5555.927734375 100
1748294545296 5550.1474609375 101
1748294545481 5543.8671875 102
1748294545637 5537.81884765625 103
1748294545792 5531.03857421875 104
1748294545948 5525.0859375 105
1748294546104 5519.42529296875 106
1748294546262 5513.96435546875 107
1748294546416 5507.91064453125 108
1748294546572 5502.23291015625 109
1748294546729 5497.51904296875 110
1748294546885 5490.9365234375 111
1748294547040 5484.3466796875 112
1748294547196 5478.25830078125 113
1748294547352 5473.36279296875 114
1748294547508 5467.86767578125 115
1748294547667 5463.083984375 116
1748294547844 5456.9736328125 117
1748294548015 5451.79638671875 118
1748294548173 5446.59716796875 119
1748294548338 5441.154296875 120
1748294548506 5435.64453125 121
1748294548661 5430.1953125 122
1748294548816 5425.4658203125 123
1748294548997 5420.41455078125 124
1748294549163 5415.75830078125 125
1748294549327 5410.73095703125 126
1748294549500 5405.80322265625 127
1748294549659 5400.208984375 128
1748294549816 5395.98486328125 129
1748294549975 5391.6748046875 130
1748294550131 5386.64404296875 131
1748294550285 5382.466796875 132
1748294550458 5377.4814453125 133
1748294550622 5373.982421875 134
1748294550784 5369.4833984375 135
1748294550939 5364.716796875 136
1748294551097 5360.38623046875 137
1748294551260 5356.1513671875 138
1748294551445 5351.82421875 139
1748294551651 5346.86474609375 140
1748294551823 5342.13720703125 141
1748294551981 5337.958984375 142
1748294552138 5333.03466796875 143
1748294552299 5328.59423828125 144
1748294552456 5324.1103515625 145
1748294552628 5319.58056640625 146
1748294552796 5315.06396484375 147
1748294552990 5312.03271484375 148
1748294553163 5307.5166015625 149
1748294553325 5303.86181640625 150
1748294553490 5300.1025390625 151
1748294553652 5296.65234375 152
1748294553818 5292.5517578125 153
1748294553984 5289.23486328125 154
1748294554144 5285.22900390625 155
1748294554301 5281.029296875 156
1748294554463 5277.54443359375 157
1748294554620 5273.80419921875 158
1748294554777 5269.44384765625 159
1748294554934 5266.07080078125 160
1748294555090 5262.5283203125 161
1748294555244 5258.22412109375 162
1748294555408 5254.58203125 163
1748294555592 5250.82958984375 164
1748294555754 5247.400390625 165
1748294555923 5243.5126953125 166
1748294556080 5239.94189453125 167
1748294556232 5236.38427734375 168
1748294556390 5232.91259765625 169
1748294556555 5230.32666015625 170
1748294556719 5227.23486328125 171
1748294556884 5224.01220703125 172
1748294557040 5221.3115234375 173
1748294557202 5217.71240234375 174
1748294557364 5214.154296875 175
1748294557527 5211.6181640625 176
1748294557683 5208.43505859375 177
1748294557853 5205.7197265625 178
1748294558011 5202.68701171875 179
1748294558170 5200.1083984375 180
1748294558326 5196.6220703125 181
1748294558504 5193.82568359375 182
1748294558670 5190.8271484375 183
1748294558834 5188.3837890625 184
1748294559073 5184.80908203125 185
1748294559233 5182.16259765625 186
1748294559392 5179.6982421875 187
1748294559550 5176.7724609375 188
1748294559712 5173.68212890625 189
1748294559873 5171.037109375 190
1748294560033 5168.40087890625 191
1748294560189 5165.45654296875 192
1748294560344 5162.9384765625 193
1748294560516 5160.58544921875 194
1748294560672 5157.9619140625 195
1748294560827 5155.1396484375 196
1748294560983 5152.48095703125 197
1748294561109 5149.78564453125 198
1748294561265 5147.806640625 199
1748294561422 5145.08740234375 200
1748294561579 5142.9365234375 201
1748294561740 5140.7392578125 202
1748294561894 5138.58349609375 203
1748294562049 5136.25048828125 204
1748294562205 5133.8828125 205
1748294562362 5131.7431640625 206
1748294562535 5129.37646484375 207
1748294562691 5127.580078125 208
1748294562847 5125.87744140625 209
1748294563002 5123.59716796875 210
1748294563159 5121.388671875 211
1748294563314 5119.419921875 212
1748294563474 5117.5068359375 213
1748294563632 5115.92578125 214
1748294563786 5114.03369140625 215
1748294563941 5112.3447265625 216
1748294564096 5110.4423828125 217
1748294564252 5108.53173828125 218
1748294564405 5107.58203125 219
1748294564567 5106.248046875 220
1748294564696 5104.267578125 221
1748294564873 5103.22802734375 222
1748294565030 5101.70703125 223
1748294565183 5099.96484375 224
1748294565338 5098.38037109375 225
1748294565493 5097.46728515625 226
1748294565649 5095.51123046875 227
1748294565803 5094.36962890625 228
1748294565959 5093.36279296875 229
1748294566115 5091.44677734375 230
1748294566271 5090.6025390625 231
1748294566427 5089.44140625 232
1748294566614 5088.2783203125 233
1748294566775 5087.306640625 234
1748294566930 5085.87890625 235
1748294567102 5084.71533203125 236
1748294567256 5083.57763671875 237
1748294567412 5082.47802734375 238
1748294567567 5081.474609375 239
1748294567725 5080.306640625 240
1748294567850 5080.1181640625 241
1748294567980 5079.21240234375 242
1748294568110 5077.89111328125 243
1748294568270 5077.06005859375 244
1748294568431 5075.76806640625 245
1748294568593 5075.0048828125 246
1748294568780 5074.25390625 247
1748294568940 5072.451171875 248
1748294569100 5071.62646484375 249
1748294569258 5070.44482421875 250
1748294569436 5069.27783203125 251
1748294569603 5068.15625 252
1748294569765 5067.77099609375 253
1748294569925 5066.52783203125 254
1748294570086 5065.65576171875 255
1748294570251 5064.4501953125 256
1748294570420 5063.84326171875 257
1748294570590 5062.3203125 258
1748294570755 5061.68896484375 259
1748294570916 5060.376953125 260
1748294571049 5059.625 261
1748294571209 5059.580078125 262
1748294571380 5058.34423828125 263
1748294571543 5057.1904296875 264
1748294571733 5057.60107421875 265
1748294571893 5055.7626953125 266
1748294572051 5055.697265625 267
1748294572224 5053.69580078125 268
1748294572388 5052.90478515625 269
1748294572551 5052.0283203125 270
1748294572724 5050.9833984375 271
1748294572885 5050.27490234375 272
1748294573042 5050.42041015625 273
1748294573204 5048.89501953125 274
1748294573362 5048.390625 275
1748294573519 5047.4482421875 276
1748294573677 5046.35693359375 277
1748294573800 5046.07861328125 278
1748294573970 5045.26123046875 279
1748294574125 5044.2509765625 280
1748294574277 5044.1865234375 281
1748294574428 5043.55419921875 282
1748294574580 5042.408203125 283
1748294574736 5042.52197265625 284
1748294574860 5040.95703125 285
1748294575013 5040.5498046875 286
1748294575167 5040.06494140625 287
1748294575319 5039.1015625 288
1748294575472 5038.86572265625 289
1748294575626 5038.21728515625 290
1748294575779 5038.376953125 291
1748294575961 5037.63134765625 292
1748294576122 5037.439453125 293
1748294576281 5036.181640625 294
1748294576438 5035.50146484375 295
1748294576600 5035.30615234375 296
1748294576756 5035.3369140625 297
1748294576910 5033.8544921875 298
1748294577065 5033.53564453125 299
