1748294518467 12655.041015625 0
1748294518622 5582.02294921875 1
1748294518789 5207.74072265625 2
1748294518939 5113.33203125 3
1748294519088 5087.91259765625 4
1748294519236 5053.962890625 5
1748294519359 5085.21044921875 6
1748294519513 5083.54541015625 7
1748294519634 5059.33203125 8
1748294519756 5065.68798828125 9
1748294519876 5048.78662109375 10
1748294520028 5064.17041015625 11
1748294520155 5062.103515625 12
1748294520276 5059.73681640625 13
1748294520397 5069.99951171875 14
1748294520517 5046.89453125 15
1748294520639 5107.04931640625 16
1748294520761 5073.05029296875 17
1748294520891 5061.74609375 18
1748294521013 5058.51171875 19
1748294521151 5070.00439453125 20
1748294521274 5055.916015625 21
1748294521397 5042.66455078125 22
1748294521518 5090.80712890625 23
1748294521650 5094.1611328125 24
1748294521771 5112.9453125 25
1748294521890 5048.6357421875 26
1748294522012 5057.18994140625 27
1748294522136 5053.705078125 28
1748294522258 5069.7158203125 29
1748294522381 5074.88037109375 30
1748294528333 5048.78662109375 31
