1748294429445 11659.6279296875 0
1748294429611 5507.8583984375 1
1748294429793 5178.31005859375 2
1748294429950 5142.22607421875 3
1748294430108 5083.2451171875 4
1748294430264 5090.0771484375 5
1748294430389 5085.9677734375 6
1748294430515 5062.58203125 7
1748294430641 5085.95068359375 8
1748294430767 5080.154296875 9
1748294430894 5065.23583984375 10
1748294431019 5136.04931640625 11
1748294431147 5055.13427734375 12
1748294431274 5128.4375 13
1748294431401 5140.498046875 14
1748294431561 5066.166015625 15
1748294431693 5111.7978515625 16
1748294431821 5056.1748046875 17
1748294431976 5043.22265625 18
1748294432101 5100.7568359375 19
1748294432229 5105.37060546875 20
1748294432355 5057.921875 21
1748294432503 5067.3369140625 22
1748294432629 5065.11181640625 23
1748294432785 5077.154296875 24
1748294432910 5045.15234375 25
1748294433036 5053.10498046875 26
1748294433165 5054.6796875 27
1748294433292 5046.21435546875 28
1748294433419 5064.19189453125 29
1748294433545 5078.28857421875 30
1748294433672 5122.330078125 31
1748294433799 5046.95166015625 32
1748294433926 5065.439453125 33
1748294434054 5073.11572265625 34
1748294434180 5074.0927734375 35
1748294434307 5062.71826171875 36
1748294434432 5054.134765625 37
1748294434559 5071.44921875 38
1748294434685 5088.591796875 39
1748294434813 5078.9765625 40
1748294434962 5096.4365234375 41
1748294435087 5085.9990234375 42
1748294435213 5079.01123046875 43
1748294441515 5065.11181640625 44
