1748294711882 18477.181640625 0
1748294712045 18472.7578125 1
1748294712206 18463.51953125 2
1748294712365 18445.833984375 3
1748294712521 18416.431640625 4
1748294712700 18372.322265625 5
1748294712866 18311.15625 6
1748294713030 18230.677734375 7
1748294713206 18129.25 8
1748294713360 18005.5 9
1748294713518 17857.95703125 10
1748294713674 17685.638671875 11
1748294713829 17487.046875 12
1748294713992 17261.208984375 13
1748294714157 17007.115234375 14
1748294714317 16724.150390625 15
1748294714474 16411.8671875 16
1748294714631 16069.8837890625 17
1748294714791 15696.927734375 18
1748294714960 15295.5078125 19
1748294715146 14868.609375 20
1748294715303 14416.3369140625 21
1748294715458 13941.5576171875 22
1748294715612 13466.8984375 23
1748294715764 12987.9189453125 24
1748294715921 12513.865234375 25
1748294716077 12049.6171875 26
1748294716231 11601.578125 27
1748294716406 11168.509765625 28
1748294716558 10756.52734375 29
1748294716713 10376.974609375 30
1748294716866 10027.345703125 31
1748294717022 9698.31640625 32
1748294717179 9418.4052734375 33
1748294717335 9143.33203125 34
1748294717491 8890.388671875 35
1748294717678 8663.142578125 36
1748294717835 8471.9521484375 37
1748294717989 8297.5390625 38
1748294718147 8144.51220703125 39
1748294718306 7999.6220703125 40
1748294718465 7875.56494140625 41
1748294718620 7748.95703125 42
1748294718776 7636.052734375 43
1748294718932 7530.32373046875 44
1748294719099 7429.73779296875 45
1748294719287 7333.140625 46
1748294719444 7237.6767578125 47
1748294719598 7142.3603515625 48
1748294719751 7051.07666015625 49
1748294719904 6959.90625 50
1748294720057 6874.7080078125 51
1748294720214 6790.5205078125 52
1748294720366 6712.63671875 53
1748294720520 6639.7060546875 54
1748294720675 6568.703125 55
1748294720827 6505.41943359375 56
1748294720982 6442.125 57
1748294721137 6386.57421875 58
1748294721292 6334.9853515625 59
1748294721452 6284.515625 60
1748294721610 6235.2939453125 61
1748294721772 6192.8291015625 62
1748294721925 6152.53271484375 63
1748294722094 6114.37890625 64
1748294722250 6076.07177734375 65
1748294722406 6035.91552734375 66
1748294722562 6001.93115234375 67
1748294722715 5969.44970703125 68
1748294722868 5939.9951171875 69
1748294723021 5913.068359375 70
1748294723174 5888.70068359375 71
1748294723328 5866.494140625 72
1748294723484 5845.51708984375 73
1748294723637 5827.01318359375 74
1748294723793 5807.4482421875 75
1748294723947 5788.90673828125 76
1748294724101 5770.70703125 77
1748294724255 5754.525390625 78
1748294724411 5737.97509765625 79
1748294724565 5722.51123046875 80
1748294724719 5707.21728515625 81
1748294724874 5692.65966796875 82
1748294725062 5680.43994140625 83
1748294725217 5669.0712890625 84
1748294725370 5659.3203125 85
1748294725531 5648.6025390625 86
1748294725690 5638.3837890625 87
1748294725850 5628.02783203125 88
1748294726007 5617.94091796875 89
1748294726159 5609.50732421875 90
1748294726312 5600.57763671875 91
1748294726472 5592.7333984375 92
1748294726638 5584.5498046875 93
1748294726795 5576.64697265625 94
1748294726951 5568.71923828125 95
1748294727102 5561.42333984375 96
1748294727260 5554.7080078125 97
1748294727415 5548.47998046875 98
1748294727568 5541.8486328125 99
1748294727721 5534.60595703125 100
1748294727893 5528.9345703125 101
1748294728046 5522.416015625 102
1748294728198 5517.49072265625 103
1748294728351 5512.22705078125 104
1748294728502 5506.1435546875 105
1748294728655 5500.32568359375 106
1748294728805 5494.1220703125 107
1748294728959 5487.72705078125 108
1748294729112 5483.04931640625 109
1748294729267 5475.701171875 110
1748294729421 5470.03662109375 111
1748294729576 5463.86328125 112
1748294729731 5458.17236328125 113
1748294729884 5452.80224609375 114
1748294730038 5447.59375 115
1748294730194 5441.353515625 116
1748294730347 5435.2294921875 117
1748294730518 5429.75830078125 118
1748294730671 5423.17431640625 119
1748294730824 5418.9580078125 120
1748294730975 5414.126953125 121
1748294731128 5408.248046875 122
1748294731281 5403.78076171875 123
1748294731434 5399.04443359375 124
1748294731585 5394.150390625 125
1748294731739 5390.1767578125 126
1748294731892 5385.70703125 127
1748294732045 5381.287109375 128
1748294732197 5375.75537109375 129
1748294732352 5371.7080078125 130
1748294732502 5367.4853515625 131
1748294732657 5362.44482421875 132
1748294732822 5357.21533203125 133
1748294732975 5352.43994140625 134
1748294733127 5347.791015625 135
1748294733296 5342.853515625 136
1748294733448 5338.14306640625 137
1748294733601 5333.216796875 138
1748294733755 5328.9169921875 139
1748294733907 5324.00830078125 140
1748294734059 5319.5283203125 141
1748294734210 5315.939453125 142
1748294734365 5310.98193359375 143
1748294734520 5307.4150390625 144
1748294734673 5303.0732421875 145
1748294734825 5299.21240234375 146
1748294734979 5294.94775390625 147
1748294735132 5291.9208984375 148
1748294735286 5287.21240234375 149
1748294735439 5283.20166015625 150
1748294735593 5279.01513671875 151
1748294735766 5275.02880859375 152
1748294735922 5271.02587890625 153
1748294736089 5267.2255859375 154
1748294736243 5262.9365234375 155
1748294736395 5259.0625 156
1748294736547 5255.47509765625 157
1748294736702 5251.6640625 158
1748294736856 5247.376953125 159
1748294737007 5243.7099609375 160
1748294737160 5240.1806640625 161
1748294737313 5237.13818359375 162
1748294737465 5232.92724609375 163
1748294737619 5229.529296875 164
1748294737772 5226.08935546875 165
1748294737948 5221.79638671875 166
1748294738099 5218.38037109375 167
1748294738252 5214.87939453125 168
1748294738406 5211.296875 169
1748294738558 5207.98193359375 170
1748294738719 5205.11376953125 171
1748294738872 5202.10986328125 172
1748294739028 5198.7607421875 173
1748294739181 5195.279296875 174
1748294739333 5192.98291015625 175
1748294739506 5189.40966796875 176
1748294739660 5186.177734375 177
1748294739813 5184.21923828125 178
1748294739965 5180.99658203125 179
1748294740115 5177.623046875 180
1748294740268 5174.2109375 181
1748294740423 5171.654296875 182
1748294740577 5167.9921875 183
1748294740729 5165.19677734375 184
1748294740882 5162.50048828125 185
1748294741036 5160.369140625 186
1748294741190 5156.52099609375 187
1748294741342 5154.9130859375 188
1748294741494 5151.4794921875 189
1748294741667 5149.1669921875 190
1748294741819 5146.00634765625 191
1748294741971 5144.017578125 192
1748294742126 5141.1826171875 193
1748294742279 5138.89208984375 194
1748294742429 5135.75341796875 195
1748294742583 5133.31640625 196
1748294742737 5131.41650390625 197
1748294742890 5128.4794921875 198
1748294743043 5126.59375 199
1748294743195 5124.94091796875 200
1748294743349 5123.841796875 201
1748294743503 5120.57958984375 202
1748294743676 5118.50732421875 203
1748294743829 5116.44970703125 204
1748294743984 5114.5810546875 205
1748294744137 5113.4306640625 206
1748294744288 5110.8984375 207
1748294744440 5109.099609375 208
1748294744592 5108.21533203125 209
1748294744745 5106.3896484375 210
1748294744897 5104.998046875 211
1748294745049 5103.18359375 212
1748294745201 5102.52978515625 213
1748294745358 5099.86767578125 214
1748294745511 5098.7099609375 215
1748294745666 5097.4501953125 216
1748294745822 5096.02587890625 217
1748294745994 5094.92822265625 218
1748294746147 5093.28857421875 219
1748294746302 5091.86474609375 220
1748294746455 5090.259765625 221
1748294746608 5089.18505859375 222
1748294746763 5087.896484375 223
1748294746918 5086.470703125 224
1748294747070 5086.0029296875 225
1748294747230 5084.2294921875 226
1748294747386 5082.900390625 227
1748294747540 5081.9892578125 228
1748294747699 5080.87646484375 229
1748294747854 5079.224609375 230
1748294748011 5078.3984375 231
1748294748193 5076.98388671875 232
1748294748346 5075.8828125 233
1748294748503 5074.62939453125 234
1748294748661 5073.17724609375 235
1748294748814 5072.400390625 236
1748294748968 5070.65380859375 237
1748294749134 5069.53955078125 238
1748294749288 5068.3837890625 239
1748294749451 5067.19384765625 240
1748294749607 5066.14794921875 241
1748294749767 5065.654296875 242
1748294749921 5063.66796875 243
1748294750085 5063.18798828125 244
1748294750239 5062.60400390625 245
1748294750399 5061.25732421875 246
1748294750555 5060.2744140625 247
1748294750712 5059.3720703125 248
1748294750873 5058.1318359375 249
1748294751035 5057.3974609375 250
1748294751195 5056.4599609375 251
1748294751352 5055.87890625 252
1748294751520 5054.70263671875 253
1748294751673 5053.51171875 254
1748294751838 5052.85546875 255
1748294751995 5052.27294921875 256
1748294752151 5050.763671875 257
1748294752309 5049.64306640625 258
1748294752437 5048.9140625 259
1748294752614 5048.69140625 260
1748294752741 5048.00244140625 261
1748294752900 5046.76904296875 262
1748294753052 5047.26123046875 263
1748294753179 5045.66748046875 264
1748294753300 5045.2998046875 265
1748294753428 5043.9970703125 266
1748294753552 5043.88818359375 267
1748294753681 5042.955078125 268
1748294753836 5043.8896484375 269
1748294753989 5041.72119140625 270
1748294754141 5040.90869140625 271
1748294754308 5040.4853515625 272
1748294754459 5040.15771484375 273
1748294754617 5038.8271484375 274
1748294754766 5038.236328125 275
1748294754919 5037.62353515625 276
1748294755076 5037.357421875 277
1748294755229 5037.23486328125 278
1748294755355 5036.83056640625 279
1748294755509 5035.77001953125 280
1748294755662 5035.0693359375 281
1748294755817 5034.888671875 282
1748294755970 5034.328125 283
1748294756123 5033.32421875 284
1748294756283 5032.9833984375 285
1748294756450 5032.4892578125 286
1748294756621 5031.61328125 287
1748294756774 5032.3681640625 288
1748294756929 5031.21728515625 289
1748294757080 5030.1689453125 290
1748294757233 5030.34326171875 291
1748294757386 5029.794921875 292
1748294757541 5029.09716796875 293
1748294757699 5028.64794921875 294
1748294757852 5027.74951171875 295
1748294758006 5027.54248046875 296
1748294758156 5027.2822265625 297
1748294758281 5027.0166015625 298
1748294758438 5026.84326171875 299
