1748294957826 18243.724609375 0
1748294958019 14407.3193359375 1
1748294958214 8162.0419921875 2
1748294958400 6332.48974609375 3
1748294958585 5765.7353515625 4
1748294958766 5590.2451171875 5
1748294958950 5486.97509765625 6
1748294959131 5399.7548828125 7
1748294959316 5337.51513671875 8
1748294959502 5273.31982421875 9
1748294959709 5216.76416015625 10
1748294959895 5175.50537109375 11
1748294960080 5138.1357421875 12
1748294960267 5109.66943359375 13
1748294960447 5108.06640625 14
1748294960631 5075.4326171875 15
1748294960788 5076.869140625 16
1748294960974 5063.37060546875 17
1748294961162 5048.255859375 18
1748294961319 5043.6376953125 19
1748294961507 5035.44287109375 20
1748294961696 5036.9296875 21
1748294961882 5030.43603515625 22
1748294962038 5016.2041015625 23
1748294962220 5016.91748046875 24
1748294962402 5017.453125 25
1748294962608 5027.5009765625 26
1748294962764 5012.6337890625 27
1748294962920 5020.962890625 28
1748294963076 5013.37890625 29
1748294963261 5020.462890625 30
1748294963413 5014.72021484375 31
1748294963563 5022.23095703125 32
1748294963714 5016.05615234375 33
1748294963902 5015.21826171875 34
1748294964058 5011.943359375 35
1748294964214 5011.12744140625 36
1748294964370 5012.294921875 37
1748294964526 5019.0458984375 38
1748294964684 5013.0078125 39
1748294964838 5008.267578125 40
1748294965001 5018.3515625 41
1748294965169 5008.73486328125 42
1748294965326 5004.76611328125 43
1748294965478 5015.93359375 44
1748294965661 5011.15966796875 45
1748294965811 5009.03662109375 46
1748294965968 5005.6962890625 47
1748294966125 5007.9453125 48
1748294966283 5025.80419921875 49
1748294966441 5010.32666015625 50
1748294966596 5015.77197265625 51
1748294966757 5011.50634765625 52
1748294966945 5016.91845703125 53
1748294967100 5011.91943359375 54
1748294967255 5013.0927734375 55
1748294967425 4999.23583984375 56
1748294967582 5017.4375 57
1748294967738 5013.80517578125 58
1748294967894 5022.65087890625 59
1748294968050 5008.646484375 60
1748294968205 5003.52392578125 61
1748294968361 5011.35595703125 62
1748294968514 5011.10302734375 63
1748294968668 5005.23193359375 64
1748294968822 5014.625 65
1748294968977 5020.77001953125 66
1748294969132 5009.4306640625 67
1748294969287 5005.99560546875 68
1748294969443 5010.578125 69
1748294969618 5009.03466796875 70
1748294969774 5012.275390625 71
1748294969925 5012.39794921875 72
1748294976087 5011.50634765625 73
