1748294604556 11599.513671875 0
1748294604722 5591.1181640625 1
1748294604885 5229.3232421875 2
1748294605048 5129.1337890625 3
1748294605210 5094.65869140625 4
1748294605370 5047.15869140625 5
1748294605498 5092.126953125 6
1748294605629 5074.36865234375 7
1748294605757 5114.6328125 8
1748294605884 5052.91943359375 9
1748294606011 5085.23876953125 10
1748294606139 5119.03857421875 11
1748294606264 5082.53759765625 12
1748294606389 5063.609375 13
1748294606515 5071.341796875 14
1748294606701 5077.40966796875 15
1748294606828 5074.55615234375 16
1748294606957 5084.56591796875 17
1748294607086 5070.595703125 18
1748294607216 5105.4814453125 19
1748294607344 5131.43408203125 20
1748294607474 5052.92822265625 21
1748294607605 5060.474609375 22
1748294607728 5085.1826171875 23
1748294607852 5048.58056640625 24
1748294607978 5061.4462890625 25
1748294608110 5072.48095703125 26
1748294608239 5080.064453125 27
1748294608369 5104.8671875 28
1748294608497 5046.685546875 29
1748294608627 5140.8837890625 30
1748294608756 5049.69775390625 31
1748294608884 5045.44970703125 32
1748294609010 5070.09423828125 33
1748294609149 5068.54052734375 34
1748294615001 5071.341796875 35
