1748294894900 18475.3671875 0
1748294895096 18463.9765625 1
1748294895293 18434.662109375 2
1748294895500 18374.671875 3
1748294895700 18272.52734375 4
1748294895893 18118.494140625 5
1748294896084 17903.802734375 6
1748294896276 17620.431640625 7
1748294896467 17260.80078125 8
1748294896656 16818.951171875 9
1748294896849 16290.0498046875 10
1748294897036 15669.568359375 11
1748294897216 14960.6337890625 12
1748294897400 14171.0185546875 13
1748294897590 13333.2734375 14
1748294897776 12501.6826171875 15
1748294897958 11703.9052734375 16
1748294898144 10954.9296875 17
1748294898331 10302.01171875 18
1748294898531 9725.474609375 19
1748294898722 9223.166015625 20
1748294898904 8787.689453125 21
1748294899087 8437.98828125 22
1748294899271 8162.8486328125 23
1748294899462 7918.8564453125 24
1748294899652 7709.13525390625 25
1748294899840 7526.849609375 26
1748294900027 7359.36376953125 27
1748294900213 7208.0625 28
1748294900403 7060.716796875 29
1748294900588 6919.5625 30
1748294900776 6783.525390625 31
1748294900970 6663.80810546875 32
1748294901159 6558.52490234375 33
1748294901363 6463.14501953125 34
1748294901576 6376.95849609375 35
1748294901762 6296.98486328125 36
1748294901950 6228.2802734375 37
1748294902139 6165.12841796875 38
1748294902326 6102.0849609375 39
1748294902509 6044.91455078125 40
1748294902690 5994.0888671875 41
1748294902880 5948.04638671875 42
1748294903065 5909.68359375 43
1748294903247 5873.73486328125 44
1748294903435 5840.26220703125 45
1748294903623 5812.0009765625 46
1748294903812 5783.79541015625 47
1748294904000 5757.3203125 48
1748294904192 5735.82568359375 49
1748294904378 5714.83447265625 50
1748294904583 5697.23828125 51
1748294904783 5680.70361328125 52
1748294904975 5666.08349609375 53
1748294905158 5650.625 54
1748294905345 5635.634765625 55
1748294905535 5621.060546875 56
1748294905725 5606.95703125 57
1748294905916 5593.27294921875 58
1748294906103 5581.599609375 59
1748294906292 5571.19482421875 60
1748294906478 5559.6787109375 61
1748294906671 5550.2939453125 62
1748294906858 5540.68017578125 63
1748294907065 5530.6845703125 64
1748294907257 5522.9052734375 65
1748294907444 5510.5849609375 66
1748294907629 5501.52099609375 67
1748294907818 5492.89306640625 68
1748294908008 5483.75537109375 69
1748294908195 5475.994140625 70
1748294908382 5468.19677734375 71
1748294908569 5459.88671875 72
1748294908754 5451.1142578125 73
1748294908940 5444.04150390625 74
1748294909120 5432.97265625 75
1748294909304 5425.20068359375 76
1748294909481 5417.2236328125 77
1748294909667 5409.54052734375 78
1748294909879 5401.3291015625 79
1748294910061 5394.06298828125 80
1748294910246 5386.6240234375 81
1748294910433 5379.3369140625 82
1748294910622 5371.9453125 83
1748294910812 5363.93994140625 84
1748294911001 5356.45556640625 85
1748294911189 5348.90771484375 86
1748294911382 5341.796875 87
1748294911569 5335.99853515625 88
1748294911761 5330.0 89
1748294911948 5322.1513671875 90
1748294912140 5314.85107421875 91
1748294912327 5308.86328125 92
1748294912535 5304.548828125 93
1748294912725 5297.58544921875 94
1748294912913 5292.19091796875 95
1748294913100 5286.02294921875 96
1748294913285 5280.3017578125 97
1748294913471 5274.28271484375 98
1748294913657 5268.46337890625 99
1748294913843 5263.44970703125 100
1748294914029 5256.38916015625 101
1748294914212 5251.0361328125 102
1748294914400 5246.2197265625 103
1748294914587 5239.69482421875 104
1748294914770 5234.06201171875 105
1748294914975 5229.19189453125 106
1748294915153 5223.50390625 107
1748294915337 5218.80078125 108
1748294915521 5213.8681640625 109
1748294915715 5210.009765625 110
1748294915904 5204.58154296875 111
1748294916093 5199.0166015625 112
1748294916285 5194.53173828125 113
1748294916472 5189.5654296875 114
1748294916662 5185.9755859375 115
1748294916851 5182.08837890625 116
1748294917042 5176.560546875 117
1748294917237 5172.15380859375 118
1748294917424 5167.03515625 119
1748294917611 5163.04833984375 120
1748294917800 5159.49365234375 121
1748294917989 5155.9873046875 122
1748294918184 5152.38330078125 123
1748294918373 5148.6015625 124
1748294918574 5145.572265625 125
1748294918774 5141.65966796875 126
1748294918963 5138.02490234375 127
1748294919146 5133.89453125 128
1748294919330 5130.3447265625 129
1748294919513 5128.04931640625 130
1748294919720 5124.01318359375 131
1748294919906 5122.29052734375 132
1748294920099 5118.7490234375 133
1748294920286 5117.40625 134
1748294920471 5113.60595703125 135
1748294920660 5110.64892578125 136
1748294920852 5108.89013671875 137
1748294921039 5106.84130859375 138
1748294921226 5104.26171875 139
1748294921412 5102.57275390625 140
1748294921568 5100.82421875 141
1748294921738 5098.87744140625 142
1748294921923 5096.6015625 143
1748294922113 5095.22607421875 144
1748294922301 5093.56005859375 145
1748294922492 5092.26416015625 146
1748294922680 5090.81884765625 147
1748294922870 5088.115234375 148
1748294923059 5086.0078125 149
1748294923245 5084.5224609375 150
1748294923434 5083.9453125 151
1748294923621 5082.16845703125 152
1748294923810 5080.1982421875 153
1748294924001 5078.390625 154
1748294924200 5077.4521484375 155
1748294924394 5075.40625 156
1748294924583 5074.6015625 157
1748294924778 5072.34423828125 158
1748294924971 5071.3173828125 159
1748294925127 5068.5908203125 160
1748294925313 5068.53271484375 161
1748294925498 5065.46728515625 162
1748294925687 5063.884765625 163
1748294925876 5062.4775390625 164
1748294926068 5060.5078125 165
1748294926361 5059.345703125 166
1748294926556 5058.3251953125 167
1748294926760 5057.0146484375 168
1748294926969 5055.81787109375 169
1748294927161 5053.23046875 170
1748294927349 5053.12353515625 171
1748294927542 5051.16552734375 172
1748294927731 5049.4951171875 173
1748294927914 5048.31494140625 174
1748294928110 5047.52001953125 175
1748294928296 5046.48291015625 176
1748294928480 5046.49267578125 177
1748294928673 5045.232421875 178
1748294928879 5043.5390625 179
1748294929039 5042.9541015625 180
1748294929233 5041.4677734375 181
1748294929417 5040.16064453125 182
1748294929601 5040.00439453125 183
1748294929780 5039.5361328125 184
1748294929938 5037.8896484375 185
1748294930131 5037.68212890625 186
1748294930319 5035.62109375 187
1748294930515 5035.43603515625 188
1748294930707 5034.4560546875 189
1748294930915 5034.14892578125 190
1748294931108 5033.2529296875 191
1748294931292 5031.95654296875 192
1748294931472 5031.02001953125 193
1748294931660 5030.3173828125 194
1748294931813 5030.0400390625 195
1748294932012 5028.9697265625 196
1748294932164 5028.43603515625 197
1748294932359 5027.81396484375 198
1748294932536 5026.1962890625 199
1748294932693 5025.4736328125 200
1748294932874 5025.61474609375 201
1748294933072 5024.35693359375 202
1748294933252 5023.26220703125 203
1748294933437 5022.69580078125 204
1748294933624 5023.11376953125 205
1748294933812 5022.65673828125 206
1748294933999 5021.35107421875 207
1748294934157 5020.9306640625 208
1748294934314 5020.7587890625 209
1748294934503 5020.53271484375 210
1748294934691 5019.4013671875 211
1748294934845 5019.18994140625 212
1748294935017 5019.07421875 213
1748294935202 5018.24853515625 214
1748294935358 5017.44091796875 215
1748294935550 5017.478515625 216
1748294935739 5016.8203125 217
1748294935927 5017.0244140625 218
1748294936113 5016.48046875 219
1748294936275 5015.38818359375 220
1748294936434 5015.775390625 221
1748294936599 5015.03955078125 222
1748294936764 5014.18505859375 223
1748294936920 5015.21728515625 224
1748294937095 5013.859375 225
1748294937254 5013.7978515625 226
1748294937413 5014.40283203125 227
1748294937602 5013.052734375 228
1748294937758 5012.71337890625 229
1748294937912 5012.68896484375 230
1748294938067 5012.4833984375 231
1748294938224 5011.08740234375 232
1748294938415 5011.52587890625 233
1748294938565 5011.046875 234
1748294938717 5010.7294921875 235
1748294938904 5010.63330078125 236
1748294939069 5010.25048828125 237
1748294939228 5009.955078125 238
1748294939416 5009.2412109375 239
1748294939575 5010.19287109375 240
1748294939736 5010.458984375 241
1748294939921 5009.3076171875 242
1748294940084 5009.69775390625 243
1748294940240 5008.34033203125 244
1748294940397 5008.6875 245
1748294940554 5008.0224609375 246
1748294940728 5007.53759765625 247
1748294940889 5008.41162109375 248
1748294941045 5007.8994140625 249
1748294941234 5007.3994140625 250
1748294941389 5006.66748046875 251
1748294941573 5008.37255859375 252
1748294941728 5007.96240234375 253
1748294941914 5006.10302734375 254
1748294942099 5006.63916015625 255
1748294942258 5006.4248046875 256
1748294942451 5005.44384765625 257
1748294942656 5005.7548828125 258
1748294942816 5005.49609375 259
1748294942972 5004.73583984375 260
1748294943128 5005.52392578125 261
1748294943313 5005.54296875 262
1748294943496 5004.70703125 263
1748294943681 5004.82568359375 264
1748294943832 5004.9013671875 265
1748294943981 5005.78564453125 266
1748294944132 5004.255859375 267
1748294944313 5003.7861328125 268
1748294944495 5003.15869140625 269
1748294944673 5002.87890625 270
1748294944856 5005.4482421875 271
1748294945013 5003.10791015625 272
1748294945170 5003.6591796875 273
1748294945328 5003.24072265625 274
1748294945484 5003.24755859375 275
1748294945641 5002.99755859375 276
1748294945827 5003.224609375 277
1748294946012 5003.0439453125 278
1748294946199 5002.04931640625 279
1748294946353 5002.90673828125 280
1748294946528 5003.30029296875 281
1748294946719 5002.47900390625 282
1748294946873 5002.7177734375 283
1748294947030 5003.27783203125 284
1748294947218 5003.3876953125 285
1748294947406 5002.6943359375 286
1748294947595 5002.880859375 287
1748294947749 5002.71728515625 288
1748294947900 5002.90087890625 289
1748294948053 5001.68212890625 290
1748294948241 5001.40625 291
1748294948413 5001.6005859375 292
1748294948607 5002.46337890625 293
1748294948768 5002.15185546875 294
1748294948932 5002.001953125 295
1748294949082 5003.59130859375 296
1748294949230 5002.3330078125 297
1748294949382 5001.13427734375 298
1748294949538 5002.38037109375 299
