1748294229656 18458.19140625 0
1748294229844 18184.439453125 1
1748294229994 17026.291015625 2
1748294230149 14327.49609375 3
1748294230300 10742.85546875 4
1748294230448 8401.3603515625 5
1748294230600 7330.9296875 6
1748294230747 6676.998046875 7
1748294230894 6251.52197265625 8
1748294231041 5985.97216796875 9
1748294231192 5817.94873046875 10
1748294231340 5705.74169921875 11
1748294231488 5627.05029296875 12
1748294231636 5573.361328125 13
1748294231783 5530.21484375 14
1748294231953 5489.94921875 15
1748294232104 5457.2626953125 16
1748294232253 5418.50537109375 17
1748294232401 5390.193359375 18
1748294232548 5356.47607421875 19
1748294232694 5330.27294921875 20
1748294232844 5303.37890625 21
1748294232990 5283.337890625 22
1748294233139 5256.83251953125 23
1748294233287 5239.02001953125 24
1748294233432 5213.76611328125 25
1748294233581 5196.4326171875 26
1748294233727 5178.55419921875 27
1748294233875 5162.65625 28
1748294234023 5146.33935546875 29
1748294234172 5131.8134765625 30
1748294234320 5124.27685546875 31
1748294234468 5111.65576171875 32
1748294234614 5108.04052734375 33
1748294234732 5093.43408203125 34
1748294234903 5084.2177734375 35
1748294235050 5078.95556640625 36
1748294235200 5072.94482421875 37
1748294235350 5065.1123046875 38
1748294235503 5059.7353515625 39
1748294235649 5053.81396484375 40
1748294235797 5050.921875 41
1748294235945 5046.71923828125 42
1748294236096 5041.33056640625 43
1748294236248 5038.6630859375 44
1748294236395 5036.4072265625 45
1748294236513 5031.75341796875 46
1748294236632 5027.86376953125 47
1748294236779 5028.26416015625 48
1748294236927 5025.2705078125 49
1748294237076 5023.68701171875 50
1748294237223 5021.35498046875 51
1748294237371 5022.4482421875 52
1748294237518 5020.58203125 53
1748294237687 5016.9228515625 54
1748294237809 5016.91796875 55
1748294237928 5015.43359375 56
1748294238078 5020.92626953125 57
1748294238198 5014.03173828125 58
1748294238344 5014.02392578125 59
1748294238466 5016.1083984375 60
1748294238583 5009.2685546875 61
1748294238731 5008.84814453125 62
1748294238857 5010.3564453125 63
1748294238977 5009.90625 64
1748294239126 5009.5986328125 65
1748294239298 5007.873046875 66
1748294239453 5007.68359375 67
1748294239574 5007.234375 68
1748294239698 5006.9765625 69
1748294239824 5007.2607421875 70
1748294239945 5005.8583984375 71
1748294240101 5007.484375 72
1748294240256 5005.59033203125 73
1748294240416 5007.984375 74
1748294240535 5004.4736328125 75
1748294240658 5006.13720703125 76
1748294240778 5004.61962890625 77
1748294240900 5003.18017578125 78
1748294241022 5003.2119140625 79
1748294241143 5000.99658203125 80
1748294241266 5003.8662109375 81
1748294241388 5004.4912109375 82
1748294241511 5002.35595703125 83
1748294241633 5003.025390625 84
1748294241755 5004.2998046875 85
1748294241881 5006.603515625 86
1748294242011 5000.810546875 87
1748294242134 5000.79150390625 88
1748294242258 5000.5712890625 89
1748294242434 5002.91748046875 90
1748294242556 5002.6455078125 91
1748294242675 5005.46728515625 92
1748294242794 5002.8095703125 93
1748294249070 5005.59033203125 94
