1748294787636 11321.86328125 0
1748294787798 5453.09619140625 1
1748294787957 5249.466796875 2
1748294788117 5110.06103515625 3
1748294788277 5097.06396484375 4
1748294788402 5121.84765625 5
1748294788558 5108.58154296875 6
1748294788713 5124.177734375 7
1748294788838 5054.49365234375 8
1748294788962 5074.57177734375 9
1748294789139 5103.6865234375 10
1748294789265 5075.177734375 11
1748294789393 5071.23828125 12
1748294789522 5114.72021484375 13
1748294789648 5070.1611328125 14
1748294789773 5071.0146484375 15
1748294789899 5047.96630859375 16
1748294790051 5090.78076171875 17
1748294790177 5071.24609375 18
1748294790301 5072.69580078125 19
1748294790424 5051.232421875 20
1748294790549 5047.38232421875 21
1748294790674 5085.34423828125 22
1748294790798 5078.0341796875 23
1748294790923 5079.59423828125 24
1748294791053 5071.26708984375 25
1748294791189 5154.10009765625 26
1748294791318 5075.06689453125 27
1748294791443 5086.9248046875 28
1748294791572 5123.6494140625 29
1748294791727 5055.9921875 30
1748294791853 5048.68017578125 31
1748294791984 5096.49169921875 32
1748294792114 5082.2919921875 33
1748294792238 5050.7802734375 34
1748294792362 5091.9248046875 35
1748294792492 5100.52734375 36
1748294798647 5047.96630859375 37
