1748294616057 18476.349609375 0
1748294616226 18469.802734375 1
1748294616390 18455.22265625 2
1748294616557 18426.181640625 3
1748294616722 18376.5234375 4
1748294616884 18300.96875 5
1748294617049 18195.26171875 6
1748294617215 18055.220703125 7
1748294617380 17877.0078125 8
1748294617593 17657.640625 9
1748294617758 17394.056640625 10
1748294617920 17083.26171875 11
1748294618086 16723.65625 12
1748294618266 16312.658203125 13
1748294618432 15850.0205078125 14
1748294618598 15335.142578125 15
1748294618762 14774.154296875 16
1748294618924 14168.158203125 17
1748294619088 13543.6494140625 18
1748294619248 12917.373046875 19
1748294619412 12306.6357421875 20
1748294619574 11710.8662109375 21
1748294619736 11140.7734375 22
1748294619898 10615.212890625 23
1748294620063 10139.5400390625 24
1748294620227 9707.861328125 25
1748294620392 9336.2578125 26
1748294620579 9008.5185546875 27
1748294620740 8717.80859375 28
1748294620904 8471.5634765625 29
1748294621068 8256.1962890625 30
1748294621232 8082.6650390625 31
1748294621397 7917.07666015625 32
1748294621558 7768.43408203125 33
1748294621723 7632.7236328125 34
1748294621892 7498.603515625 35
1748294622058 7379.31982421875 36
1748294622224 7267.23583984375 37
1748294622387 7156.50048828125 38
1748294622553 7051.986328125 39
1748294622717 6949.916015625 40
1748294622882 6851.19677734375 41
1748294623050 6753.84619140625 42
1748294623215 6669.35546875 43
1748294623407 6589.87060546875 44
1748294623574 6516.64208984375 45
1748294623739 6446.6201171875 46
1748294623903 6382.146484375 47
1748294624070 6322.853515625 48
1748294624236 6267.21240234375 49
1748294624402 6214.98486328125 50
1748294624563 6165.3271484375 51
1748294624731 6116.2060546875 52
1748294624893 6072.14794921875 53
1748294625059 6029.2294921875 54
1748294625228 5989.82763671875 55
1748294625403 5953.73486328125 56
1748294625566 5920.55615234375 57
1748294625729 5889.17138671875 58
1748294625890 5863.48291015625 59
1748294626052 5837.50537109375 60
1748294626215 5814.3203125 61
1748294626414 5791.29931640625 62
1748294626580 5769.25390625 63
1748294626744 5748.0146484375 64
1748294626908 5729.7861328125 65
1748294627072 5711.3037109375 66
1748294627234 5696.61474609375 67
1748294627397 5682.63330078125 68
1748294627557 5670.3056640625 69
1748294627722 5656.71435546875 70
1748294627886 5645.44384765625 71
1748294628048 5632.92431640625 72
1748294628211 5624.09912109375 73
1748294628375 5613.7529296875 74
1748294628539 5604.484375 75
1748294628702 5594.46630859375 76
1748294628864 5584.63525390625 77
1748294629034 5575.18359375 78
1748294629231 5565.81494140625 79
1748294629400 5558.63134765625 80
1748294629647 5549.89794921875 81
1748294629845 5542.21044921875 82
1748294630112 5534.8671875 83
1748294630369 5527.49853515625 84
1748294630613 5521.7451171875 85
1748294630815 5515.60986328125 86
1748294631036 5507.8447265625 87
1748294631260 5500.7099609375 88
1748294631451 5493.38623046875 89
1748294631629 5486.5146484375 90
1748294631800 5479.74951171875 91
1748294632013 5472.0771484375 92
1748294632251 5465.2626953125 93
1748294632440 5458.376953125 94
1748294632619 5451.58349609375 95
1748294632809 5444.97802734375 96
1748294632981 5438.02978515625 97
1748294633151 5432.6611328125 98
1748294633320 5425.39599609375 99
1748294633487 5418.35595703125 100
1748294633658 5411.8359375 101
1748294633829 5405.52587890625 102
1748294633996 5399.0625 103
1748294634168 5393.9111328125 104
1748294634337 5387.9453125 105
1748294634504 5383.1650390625 106
1748294634672 5376.28857421875 107
1748294634845 5371.42822265625 108
1748294635038 5365.35986328125 109
1748294635208 5360.03076171875 110
1748294635379 5353.21142578125 111
1748294635546 5348.5498046875 112
1748294635713 5343.62060546875 113
1748294635882 5337.18115234375 114
1748294636055 5332.25048828125 115
1748294636226 5327.30029296875 116
1748294636394 5322.2236328125 117
1748294636562 5316.9765625 118
1748294636752 5311.46337890625 119
1748294636923 5306.0927734375 120
1748294637095 5301.0615234375 121
1748294637265 5296.5224609375 122
1748294637438 5291.98876953125 123
1748294637614 5287.40771484375 124
1748294637807 5282.07275390625 125
1748294637976 5277.5302734375 126
1748294638144 5273.63232421875 127
1748294638318 5268.06005859375 128
1748294638486 5263.42919921875 129
1748294638652 5258.66357421875 130
1748294638817 5253.7392578125 131
1748294638992 5249.7314453125 132
1748294639186 5245.00732421875 133
1748294639366 5240.82861328125 134
1748294639541 5236.251953125 135
1748294639713 5232.14501953125 136
1748294639901 5227.8759765625 137
1748294640089 5223.43798828125 138
1748294640254 5220.43212890625 139
1748294640424 5216.251953125 140
1748294640605 5211.74951171875 141
1748294640769 5207.7392578125 142
1748294640932 5204.244140625 143
1748294641095 5200.083984375 144
1748294641258 5197.0234375 145
1748294641422 5193.35791015625 146
1748294641591 5190.0380859375 147
1748294641756 5187.02587890625 148
1748294641923 5184.84228515625 149
1748294642090 5181.76318359375 150
1748294642257 5177.333984375 151
1748294642421 5174.16357421875 152
1748294642586 5171.0625 153
1748294642759 5167.85009765625 154
1748294642944 5164.46728515625 155
1748294643109 5161.83447265625 156
1748294643275 5159.13916015625 157
1748294643439 5155.5458984375 158
1748294643605 5152.8330078125 159
1748294643779 5150.0 160
1748294643954 5147.11181640625 161
1748294644139 5143.27685546875 162
1748294644317 5140.8154296875 163
1748294644495 5138.69775390625 164
1748294644672 5135.88818359375 165
1748294644902 5133.46484375 166
1748294645090 5130.98876953125 167
1748294645286 5128.2451171875 168
1748294645459 5126.0849609375 169
1748294645642 5123.46875 170
1748294645819 5121.27685546875 171
1748294645991 5119.0146484375 172
1748294646163 5116.91552734375 173
1748294646341 5114.4736328125 174
1748294646524 5112.67822265625 175
1748294646705 5110.8662109375 176
1748294646885 5109.392578125 177
1748294647067 5107.390625 178
1748294647254 5104.95556640625 179
1748294647437 5104.3212890625 180
1748294647608 5102.2197265625 181
1748294647809 5100.45166015625 182
1748294647989 5098.197265625 183
1748294648208 5096.95703125 184
1748294648430 5095.48193359375 185
1748294648634 5093.98193359375 186
1748294648814 5092.3623046875 187
1748294648983 5091.130859375 188
1748294649149 5089.1171875 189
1748294649321 5087.53271484375 190
1748294649489 5085.7890625 191
1748294649633 5084.53466796875 192
1748294649806 5084.3515625 193
1748294649985 5082.25244140625 194
1748294650174 5080.45361328125 195
1748294650355 5079.4453125 196
1748294650525 5078.84521484375 197
1748294650707 5076.3212890625 198
1748294650879 5075.17333984375 199
1748294651048 5073.71142578125 200
1748294651217 5072.48779296875 201
1748294651419 5070.865234375 202
1748294651599 5070.75048828125 203
1748294651798 5069.58642578125 204
1748294652021 5067.8828125 205
1748294652197 5066.470703125 206
1748294652385 5065.2802734375 207
1748294652592 5064.62451171875 208
1748294652775 5063.28515625 209
1748294652947 5062.169921875 210
1748294653112 5061.4482421875 211
1748294653294 5060.08642578125 212
1748294653485 5059.16015625 213
1748294653655 5057.87109375 214
1748294653825 5057.19970703125 215
1748294654016 5056.56201171875 216
1748294654215 5056.48193359375 217
1748294654387 5053.94921875 218
1748294654563 5054.0400390625 219
1748294654747 5052.6611328125 220
1748294654959 5051.6044921875 221
1748294655134 5050.1708984375 222
1748294655307 5048.8037109375 223
1748294655486 5048.54345703125 224
1748294655693 5047.65380859375 225
1748294655864 5046.32763671875 226
1748294656049 5045.93505859375 227
1748294656219 5044.57470703125 228
1748294656394 5043.99072265625 229
1748294656564 5043.36474609375 230
1748294656730 5042.36328125 231
1748294656887 5043.06005859375 232
1748294657069 5040.79248046875 233
1748294657258 5040.19091796875 234
1748294657429 5039.39599609375 235
1748294657609 5039.25439453125 236
1748294657788 5038.37744140625 237
1748294657962 5037.51708984375 238
1748294658140 5037.51220703125 239
1748294658314 5036.31982421875 240
1748294658484 5035.26416015625 241
1748294658652 5034.55029296875 242
1748294658794 5034.50146484375 243
1748294658934 5033.43603515625 244
1748294659084 5033.3046875 245
1748294659282 5032.91455078125 246
1748294659491 5032.06298828125 247
1748294659694 5031.08837890625 248
1748294659916 5030.8447265625 249
1748294660137 5029.66357421875 250
1748294660449 5029.9697265625 251
1748294660802 5028.6904296875 252
1748294661230 5028.73388671875 253
1748294661472 5027.4404296875 254
1748294661664 5028.40966796875 255
1748294661814 5027.13427734375 256
1748294661996 5027.01513671875 257
1748294662148 5025.58642578125 258
1748294662355 5024.99169921875 259
1748294662525 5024.1083984375 260
1748294662701 5024.39794921875 261
1748294662869 5023.8974609375 262
1748294663125 5023.3583984375 263
1748294663310 5022.27587890625 264
1748294663455 5022.3037109375 265
1748294663595 5021.46240234375 266
1748294663735 5022.525390625 267
1748294663908 5022.15478515625 268
1748294664086 5020.6875 269
1748294664278 5019.9541015625 270
1748294664456 5021.77734375 271
1748294664649 5019.49658203125 272
1748294664856 5019.45751953125 273
1748294665065 5019.54150390625 274
1748294665356 5018.56201171875 275
1748294665539 5018.22265625 276
1748294665704 5018.36962890625 277
1748294665855 5017.59326171875 278
1748294666019 5017.1162109375 279
1748294666293 5016.86572265625 280
1748294666437 5015.96630859375 281
1748294666596 5017.2197265625 282
1748294666913 5016.6611328125 283
1748294667087 5015.9453125 284
1748294667229 5015.0400390625 285
1748294667399 5014.77587890625 286
1748294667569 5015.0458984375 287
1748294667705 5015.09521484375 288
1748294667841 5014.4912109375 289
1748294667975 5013.89990234375 290
1748294668110 5013.87939453125 291
1748294668298 5013.81201171875 292
1748294668463 5013.24267578125 293
1748294668607 5012.939453125 294
1748294668756 5012.69189453125 295
1748294668922 5012.60595703125 296
1748294669063 5012.25 297
1748294669205 5011.99853515625 298
1748294669342 5011.5078125 299
