1748294442604 18477.169921875 0
1748294442762 18474.01171875 1
1748294442918 18468.54296875 2
1748294443076 18459.115234375 3
1748294443233 18444.068359375 4
1748294443387 18421.82421875 5
1748294443545 18391.00390625 6
1748294443716 18350.62890625 7
1748294443878 18299.732421875 8
1748294444052 18237.65234375 9
1748294444236 18163.560546875 10
1748294444413 18076.943359375 11
1748294444589 17977.087890625 12
1748294444743 17863.568359375 13
1748294444895 17735.884765625 14
1748294445047 17593.60546875 15
1748294445203 17436.205078125 16
1748294445353 17263.4140625 17
1748294445507 17074.908203125 18
1748294445660 16870.626953125 19
1748294445813 16649.66015625 20
1748294445969 16412.28515625 21
1748294446134 16158.9345703125 22
1748294446294 15888.185546875 23
1748294446461 15600.91015625 24
1748294446632 15298.1376953125 25
1748294446794 14982.232421875 26
1748294446946 14652.076171875 27
1748294447100 14308.3583984375 28
1748294447252 13953.3974609375 29
1748294447406 13608.013671875 30
1748294447574 13257.33984375 31
1748294447726 12904.78125 32
1748294447877 12559.93359375 33
1748294448025 12218.3583984375 34
1748294448174 11881.3232421875 35
1748294448329 11558.65234375 36
1748294448479 11240.0087890625 37
1748294448632 10933.103515625 38
1748294448786 10651.787109375 39
1748294448936 10376.818359375 40
1748294449090 10110.9384765625 41
1748294449258 9857.15625 42
1748294449410 9637.31640625 43
1748294449571 9426.396484375 44
1748294449731 9223.837890625 45
1748294449886 9031.8154296875 46
1748294450040 8853.134765625 47
1748294450194 8687.3994140625 48
1748294450348 8545.44140625 49
1748294450522 8410.0361328125 50
1748294450672 8287.8115234375 51
1748294450823 8173.900390625 52
1748294450975 8064.720703125 53
1748294451131 7962.8759765625 54
1748294451298 7869.83935546875 55
1748294451453 7777.60595703125 56
1748294451612 7692.18115234375 57
1748294451769 7608.58740234375 58
1748294451925 7526.5244140625 59
1748294452077 7449.2333984375 60
1748294452229 7370.08740234375 61
1748294452380 7294.56396484375 62
1748294452550 7223.04248046875 63
1748294452770 7148.845703125 64
1748294452925 7076.69091796875 65
1748294453077 7004.818359375 66
1748294453227 6939.0673828125 67
1748294453378 6874.06640625 68
1748294453548 6811.01806640625 69
1748294453701 6745.10986328125 70
1748294453863 6685.099609375 71
1748294454041 6630.1279296875 72
1748294454196 6578.44287109375 73
1748294454350 6526.984375 74
1748294454515 6477.654296875 75
1748294454667 6430.76806640625 76
1748294454833 6388.10302734375 77
1748294454986 6346.44140625 78
1748294455137 6308.1982421875 79
1748294455290 6270.97607421875 80
1748294455443 6236.96826171875 81
1748294455605 6201.703125 82
1748294455769 6168.92138671875 83
1748294455923 6134.53759765625 84
1748294456073 6102.8681640625 85
1748294456239 6073.01171875 86
1748294456393 6044.1845703125 87
1748294456551 6015.767578125 88
1748294456721 5989.70703125 89
1748294456875 5964.4287109375 90
1748294457032 5940.27392578125 91
1748294457190 5917.5224609375 92
1748294457342 5896.92919921875 93
1748294457505 5878.4619140625 94
1748294457669 5860.85498046875 95
1748294457823 5843.15869140625 96
1748294457977 5826.4267578125 97
1748294458130 5810.35205078125 98
1748294458297 5795.0771484375 99
1748294458448 5780.84326171875 100
1748294458599 5767.88623046875 101
1748294458751 5753.3974609375 102
1748294458914 5739.75146484375 103
1748294459082 5727.00830078125 104
1748294459232 5715.5771484375 105
1748294459382 5704.4375 106
1748294459535 5694.4013671875 107
1748294459696 5683.6630859375 108
1748294459866 5673.34130859375 109
1748294460022 5664.77490234375 110
1748294460189 5655.9677734375 111
1748294460342 5647.45556640625 112
1748294460507 5639.22119140625 113
1748294460660 5631.28955078125 114
1748294460814 5623.412109375 115
1748294460967 5616.2392578125 116
1748294461122 5609.0498046875 117
1748294461275 5601.71923828125 118
1748294461425 5595.05322265625 119
1748294461577 5587.8662109375 120
1748294461727 5581.591796875 121
1748294461883 5574.634765625 122
1748294462052 5568.25390625 123
1748294462202 5562.1982421875 124
1748294462356 5556.94384765625 125
1748294462510 5551.7314453125 126
1748294462664 5546.0439453125 127
1748294462815 5542.09326171875 128
1748294462967 5536.89892578125 129
1748294463118 5531.77685546875 130
1748294463269 5526.53857421875 131
1748294463416 5521.46044921875 132
1748294463563 5516.38330078125 133
1748294463718 5511.439453125 134
1748294463867 5506.76953125 135
1748294464022 5501.7998046875 136
1748294464176 5495.7890625 137
1748294464327 5491.2607421875 138
1748294464494 5485.7412109375 139
1748294464650 5480.853515625 140
1748294464801 5475.740234375 141
1748294464956 5470.86767578125 142
1748294465107 5466.26611328125 143
1748294465258 5461.818359375 144
1748294465412 5456.70361328125 145
1748294465600 5452.00634765625 146
1748294465761 5447.3642578125 147
1748294465912 5442.85986328125 148
1748294466065 5438.23486328125 149
1748294466215 5433.693359375 150
1748294466369 5429.19140625 151
1748294466521 5424.42578125 152
1748294466674 5420.08154296875 153
1748294466827 5414.7490234375 154
1748294466986 5410.912109375 155
1748294467156 5406.5458984375 156
1748294467321 5402.32666015625 157
1748294467481 5397.86962890625 158
1748294467634 5394.021484375 159
1748294467785 5390.34423828125 160
1748294467937 5386.853515625 161
1748294468093 5383.42626953125 162
1748294468285 5380.333984375 163
1748294468437 5376.71142578125 164
1748294468591 5372.54638671875 165
1748294468740 5369.1064453125 166
1748294468892 5365.1015625 167
1748294469042 5361.2763671875 168
1748294469191 5357.26611328125 169
1748294469352 5354.07421875 170
1748294469502 5349.6962890625 171
1748294469649 5346.17431640625 172
1748294469796 5342.48974609375 173
1748294469947 5339.0185546875 174
1748294470103 5335.59326171875 175
1748294470256 5331.56884765625 176
1748294470405 5328.21044921875 177
1748294470561 5324.33642578125 178
1748294470719 5320.8623046875 179
1748294470871 5317.39599609375 180
1748294471029 5313.4296875 181
1748294471180 5310.75439453125 182
1748294471332 5307.4345703125 183
1748294471484 5303.85888671875 184
1748294471632 5300.169921875 185
1748294471800 5297.25927734375 186
1748294471949 5293.19384765625 187
1748294472098 5290.80908203125 188
1748294472266 5287.830078125 189
1748294472418 5284.90185546875 190
1748294472572 5281.56005859375 191
1748294472727 5279.16357421875 192
1748294472877 5274.9599609375 193
1748294473032 5272.0703125 194
1748294473184 5268.115234375 195
1748294473353 5265.36083984375 196
1748294473507 5261.90771484375 197
1748294473658 5259.0458984375 198
1748294473811 5256.53759765625 199
1748294473962 5252.9404296875 200
1748294474131 5249.8857421875 201
1748294474281 5246.8974609375 202
1748294474429 5244.31787109375 203
1748294474580 5241.13916015625 204
1748294474731 5237.60400390625 205
1748294474882 5234.94189453125 206
1748294475036 5232.16552734375 207
1748294475189 5229.72607421875 208
1748294475341 5227.02099609375 209
1748294475493 5225.01904296875 210
1748294475644 5221.94873046875 211
1748294475792 5219.01318359375 212
1748294475941 5216.79296875 213
1748294476111 5213.9189453125 214
1748294476262 5211.96630859375 215
1748294476411 5209.11328125 216
1748294476560 5206.66796875 217
1748294476711 5203.30810546875 218
1748294476860 5201.35693359375 219
1748294477012 5198.58837890625 220
1748294477163 5196.216796875 221
1748294477313 5193.40966796875 222
1748294477467 5190.900390625 223
1748294477622 5188.5986328125 224
1748294477780 5186.20947265625 225
1748294477933 5184.4580078125 226
1748294478085 5181.5791015625 227
1748294478240 5179.1591796875 228
1748294478405 5177.04248046875 229
1748294478555 5174.7587890625 230
1748294478711 5172.4814453125 231
1748294478881 5170.5126953125 232
1748294479037 5168.36181640625 233
1748294479189 5165.90380859375 234
1748294479341 5163.60498046875 235
1748294479493 5161.58056640625 236
1748294479650 5159.71826171875 237
1748294479808 5157.2626953125 238
1748294479959 5155.42626953125 239
1748294480111 5153.26953125 240
1748294480265 5151.25537109375 241
1748294480417 5149.1416015625 242
1748294480593 5147.22509765625 243
1748294480744 5144.95703125 244
1748294480897 5143.31689453125 245
1748294481050 5141.33154296875 246
1748294481203 5139.6923828125 247
1748294481357 5138.7744140625 248
1748294481509 5136.158203125 249
1748294481666 5133.8173828125 250
1748294481823 5132.3310546875 251
1748294481976 5131.224609375 252
1748294482131 5129.16015625 253
1748294482290 5127.67333984375 254
1748294482449 5125.8662109375 255
1748294482602 5124.49658203125 256
1748294482754 5123.1064453125 257
1748294482925 5122.07177734375 258
1748294483075 5120.42724609375 259
1748294483225 5118.66748046875 260
1748294483379 5116.91259765625 261
1748294483540 5115.5927734375 262
1748294483694 5113.82421875 263
1748294483846 5112.83447265625 264
1748294483997 5111.267578125 265
1748294484149 5110.3759765625 266
1748294484300 5108.59814453125 267
1748294484452 5107.96435546875 268
1748294484603 5106.93603515625 269
1748294484755 5105.33203125 270
1748294484922 5103.689453125 271
1748294485072 5102.65234375 272
1748294485222 5101.51123046875 273
1748294485373 5100.103515625 274
1748294485524 5098.94873046875 275
1748294485677 5097.82080078125 276
1748294485829 5096.81201171875 277
1748294485979 5095.69921875 278
1748294486133 5094.99365234375 279
1748294486283 5093.8251953125 280
1748294486438 5092.48486328125 281
1748294486593 5091.6162109375 282
1748294486769 5090.83251953125 283
1748294486920 5089.755859375 284
1748294487089 5088.97119140625 285
1748294487239 5087.94580078125 286
1748294487389 5086.572265625 287
1748294487539 5086.02490234375 288
1748294487693 5085.5478515625 289
1748294487846 5084.40185546875 290
1748294487998 5083.72509765625 291
1748294488150 5082.4130859375 292
1748294488300 5081.38818359375 293
1748294488450 5080.1240234375 294
1748294488597 5079.34619140625 295
1748294488746 5078.2763671875 296
1748294488894 5076.98681640625 297
1748294489044 5076.26611328125 298
1748294489193 5075.357421875 299
