1748294175696 18477.3515625 0
1748294175854 18475.470703125 1
1748294176007 18472.537109375 2
1748294176160 18467.830078125 3
1748294176311 18460.642578125 4
1748294176461 18450.248046875 5
1748294176610 18435.9453125 6
1748294176757 18417.0234375 7
1748294176906 18393.037109375 8
1748294177057 18363.431640625 9
1748294177206 18327.947265625 10
1748294177353 18286.236328125 11
1748294177502 18238.08203125 12
1748294177653 18183.03125 13
1748294177820 18121.044921875 14
1748294177975 18051.705078125 15
1748294178126 17974.9453125 16
1748294178272 17890.484375 17
1748294178420 17798.234375 18
1748294178566 17697.875 19
1748294178714 17589.337890625 20
1748294178859 17472.41796875 21
1748294179007 17347.08203125 22
1748294179161 17213.185546875 23
1748294179314 17070.453125 24
1748294179466 16918.984375 25
1748294179622 16758.5390625 26
1748294179781 16589.142578125 27
1748294179934 16410.701171875 28
1748294180083 16223.4833984375 29
1748294180235 16026.9306640625 30
1748294180401 15820.873046875 31
1748294180559 15606.2099609375 32
1748294180741 15383.404296875 33
1748294180892 15153.103515625 34
1748294181043 14915.17578125 35
1748294181199 14669.650390625 36
1748294181356 14416.6337890625 37
1748294181511 14156.9541015625 38
1748294181671 13892.3076171875 39
1748294181857 13638.2900390625 40
1748294182030 13378.4580078125 41
1748294182194 13115.8837890625 42
1748294182341 12852.7529296875 43
1748294182496 12595.08984375 44
1748294182650 12340.0634765625 45
1748294182800 12084.2509765625 46
1748294182948 11832.7236328125 47
1748294183096 11590.2041015625 48
1748294183248 11349.8876953125 49
1748294183396 11111.236328125 50
1748294183542 10883.8115234375 51
1748294183720 10665.4658203125 52
1748294183875 10457.1220703125 53
1748294184026 10255.27734375 54
1748294184177 10061.0869140625 55
1748294184350 9871.3896484375 56
1748294184504 9701.326171875 57
1748294184659 9536.740234375 58
1748294184810 9381.890625 59
1748294184960 9232.720703125 60
1748294185111 9084.9765625 61
1748294185260 8944.05078125 62
1748294185410 8811.62109375 63
1748294185561 8693.2587890625 64
1748294185711 8582.44140625 65
1748294185864 8482.38671875 66
1748294186016 8382.2412109375 67
1748294186169 8290.0712890625 68
1748294186322 8200.298828125 69
1748294186491 8114.134765625 70
1748294186685 8032.31103515625 71
1748294186833 7956.9052734375 72
1748294186982 7882.97900390625 73
1748294187132 7809.9833984375 74
1748294187281 7741.2265625 75
1748294187428 7676.7080078125 76
1748294187576 7616.3125 77
1748294187724 7554.28271484375 78
1748294187873 7496.32373046875 79
1748294188022 7439.40185546875 80
1748294188172 7383.30908203125 81
1748294188323 7326.09423828125 82
1748294188470 7270.03564453125 83
1748294188620 7212.224609375 84
1748294188767 7156.359375 85
1748294188916 7102.3046875 86
1748294189060 7047.32421875 87
1748294189204 6991.99755859375 88
1748294189370 6940.87255859375 89
1748294189517 6890.18359375 90
1748294189669 6840.89697265625 91
1748294189820 6792.603515625 92
1748294189969 6744.02197265625 93
1748294190123 6698.16162109375 94
1748294190292 6654.5244140625 95
1748294190451 6611.26416015625 96
1748294190599 6568.9677734375 97
1748294190747 6529.615234375 98
1748294190907 6491.15673828125 99
1748294191074 6455.029296875 100
1748294191227 6420.30322265625 101
1748294191378 6387.009765625 102
1748294191532 6353.5732421875 103
1748294191694 6322.93505859375 104
1748294191844 6290.91357421875 105
1748294191989 6261.0107421875 106
1748294192153 6233.61767578125 107
1748294192303 6208.4208984375 108
1748294192448 6182.83642578125 109
1748294192600 6158.07470703125 110
1748294192753 6133.1298828125 111
1748294192919 6109.9970703125 112
1748294193070 6087.07568359375 113
1748294193214 6062.32373046875 114
1748294193365 6040.7587890625 115
1748294193513 6019.58984375 116
1748294193664 5999.20263671875 117
1748294193813 5980.34375 118
1748294193960 5962.53369140625 119
1748294194121 5943.5068359375 120
1748294194270 5926.927734375 121
1748294194417 5910.423828125 122
1748294194561 5895.19140625 123
1748294194708 5881.0302734375 124
1748294194854 5867.49267578125 125
1748294194998 5854.748046875 126
1748294195144 5841.0888671875 127
1748294195291 5828.8369140625 128
1748294195434 5817.78173828125 129
1748294195580 5806.3427734375 130
1748294195725 5795.95947265625 131
1748294195872 5785.5244140625 132
1748294196017 5775.1083984375 133
1748294196165 5765.4052734375 134
1748294196317 5755.552734375 135
1748294196468 5746.837890625 136
1748294196637 5737.6455078125 137
1748294196791 5729.35986328125 138
1748294196989 5721.828125 139
1748294197152 5712.62646484375 140
1748294197310 5705.064453125 141
1748294197468 5697.65966796875 142
1748294197624 5690.5537109375 143
1748294197779 5683.75927734375 144
1748294197936 5677.69580078125 145
1748294198094 5670.94091796875 146
1748294198254 5665.0078125 147
1748294198407 5658.3642578125 148
1748294198560 5652.1396484375 149
1748294198722 5646.20947265625 150
1748294198874 5640.11865234375 151
1748294199052 5634.53564453125 152
1748294199210 5628.716796875 153
1748294199364 5623.19482421875 154
1748294199516 5618.208984375 155
1748294199673 5612.486328125 156
1748294199826 5606.82666015625 157
1748294199981 5601.271484375 158
1748294200136 5595.86279296875 159
1748294200292 5590.64794921875 160
1748294200444 5585.33984375 161
1748294200598 5579.96826171875 162
1748294200751 5575.58837890625 163
1748294200906 5570.3447265625 164
1748294201061 5565.67431640625 165
1748294201219 5561.5107421875 166
1748294201392 5557.51904296875 167
1748294201593 5553.541015625 168
1748294201747 5549.3095703125 169
1748294201903 5544.87646484375 170
1748294202051 5540.94873046875 171
1748294202202 5536.4384765625 172
1748294202360 5532.53076171875 173
1748294202518 5528.83837890625 174
1748294202680 5523.94384765625 175
1748294202840 5520.43408203125 176
1748294202997 5516.69189453125 177
1748294203150 5512.953125 178
1748294203309 5509.92626953125 179
1748294203469 5506.27685546875 180
1748294203621 5503.04931640625 181
1748294203771 5499.30322265625 182
1748294203945 5495.5244140625 183
1748294204107 5490.88037109375 184
1748294204264 5487.4169921875 185
1748294204419 5483.88671875 186
1748294204569 5480.04931640625 187
1748294204720 5476.0771484375 188
1748294204869 5472.7607421875 189
1748294205018 5468.935546875 190
1748294205166 5465.64599609375 191
1748294205317 5462.4658203125 192
1748294205465 5458.60595703125 193
1748294205618 5455.244140625 194
1748294205765 5451.7060546875 195
1748294205916 5448.6142578125 196
1748294206064 5444.9775390625 197
1748294206239 5441.64404296875 198
1748294206391 5438.54638671875 199
1748294206541 5435.017578125 200
1748294206690 5431.89697265625 201
1748294206837 5428.3095703125 202
1748294206981 5425.1796875 203
1748294207129 5422.4658203125 204
1748294207276 5419.41259765625 205
1748294207423 5415.302734375 206
1748294207592 5412.48193359375 207
1748294207740 5409.14794921875 208
1748294207884 5406.18115234375 209
1748294208030 5403.02197265625 210
1748294208176 5399.6689453125 211
1748294208341 5396.70458984375 212
1748294208487 5393.7587890625 213
1748294208634 5390.3857421875 214
1748294208778 5387.22021484375 215
1748294208927 5383.91259765625 216
1748294209073 5380.97802734375 217
1748294209221 5378.00927734375 218
1748294209371 5375.365234375 219
1748294209522 5372.0234375 220
1748294209669 5368.7041015625 221
1748294209814 5366.369140625 222
1748294209961 5363.24609375 223
1748294210140 5360.36328125 224
1748294210289 5357.32470703125 225
1748294210439 5354.8203125 226
1748294210613 5352.37353515625 227
1748294210760 5349.02001953125 228
1748294210913 5345.99560546875 229
1748294211067 5342.55908203125 230
1748294211222 5339.80224609375 231
1748294211372 5337.0087890625 232
1748294211524 5334.3583984375 233
1748294211674 5331.56787109375 234
1748294211834 5328.85205078125 235
1748294211986 5326.1630859375 236
1748294212134 5323.3896484375 237
1748294212282 5320.65478515625 238
1748294212434 5318.05810546875 239
1748294212591 5315.37744140625 240
1748294212745 5313.14501953125 241
1748294212921 5310.17724609375 242
1748294213092 5307.599609375 243
1748294213242 5305.16015625 244
1748294213389 5302.34912109375 245
1748294213535 5300.08935546875 246
1748294213698 5297.48583984375 247
1748294213850 5294.66259765625 248
1748294214003 5292.52587890625 249
1748294214154 5289.9365234375 250
1748294214304 5287.2578125 251
1748294214453 5285.048828125 252
1748294214609 5282.59130859375 253
1748294214769 5280.5224609375 254
1748294214920 5277.74072265625 255
1748294215094 5275.3017578125 256
1748294215249 5273.3544921875 257
1748294215394 5270.24267578125 258
1748294215542 5267.80126953125 259
1748294215691 5264.7998046875 260
1748294215837 5262.7265625 261
1748294215984 5260.5966796875 262
1748294216129 5257.94970703125 263
1748294216277 5255.52197265625 264
1748294216422 5253.12744140625 265
1748294216569 5250.31005859375 266
1748294216726 5247.97021484375 267
1748294216872 5245.80859375 268
1748294217019 5243.56298828125 269
1748294217175 5240.97607421875 270
1748294217330 5238.685546875 271
1748294217482 5236.75048828125 272
1748294217630 5234.650390625 273
1748294217777 5232.18115234375 274
1748294217923 5229.82763671875 275
1748294218069 5227.4140625 276
1748294218215 5225.60693359375 277
1748294218359 5223.8115234375 278
1748294218503 5221.62646484375 279
1748294218650 5219.70068359375 280
1748294218796 5217.51416015625 281
1748294218942 5215.6376953125 282
1748294219109 5213.52587890625 283
1748294219257 5211.6875 284
1748294219403 5209.36767578125 285
1748294219552 5207.86865234375 286
1748294219700 5205.51416015625 287
1748294219847 5204.19921875 288
1748294219993 5202.11376953125 289
1748294220144 5200.3544921875 290
1748294220289 5198.12841796875 291
1748294220434 5196.18017578125 292
1748294220580 5194.30810546875 293
1748294220725 5192.9521484375 294
1748294220870 5190.84326171875 295
1748294221049 5188.62109375 296
1748294221210 5186.86474609375 297
1748294221356 5184.75341796875 298
1748294221505 5182.8193359375 299
